1 2
2 3
3 3
4 2
5 3
6 3
7 3
8 2
9 3
10 3
11 2
12 3
13 3
14 3
15 2
16 3
17 3
18 2
19 3
20 3
21 3
22 2
23 3
24 3
25 2
26 3
27 3
28 3
29 2
30 3
31 3
32 2
33 3
34 3
35 3
36 2
37 3
38 3
39 2
40 3
41 3
42 3
43 2
44 3
45 3
46 2
47 3
48 3
49 3
50 2
51 3
52 3
53 2
54 3
55 3
56 3
57 2
58 3
59 3
60 2
61 3
62 3
63 3
64 2
65 3
66 3
67 2
68 3
69 3
70 3
71 2
72 3
73 3
74 2
75 3
76 3
77 3
78 2
79 3
80 3
81 2
82 3
83 3
84 3
85 2
86 3
87 3
88 2
89 3
90 3
91 3
92 2
93 3
94 3
95 2
96 3
97 3
98 3
99 2
100 3
101 3
102 2
103 3
104 3
105 3
106 2
107 3
108 3
109 2
110 3
111 3
112 3
113 2
114 3
115 3
116 2
117 3
118 3
119 3
120 2
121 3
122 3
123 2
124 3
125 3
126 3
127 2
128 3
129 3
130 2
131 3
132 3
133 3
134 2
135 3
136 3
137 2
138 3
139 3
140 3
141 2
142 3
143 3
144 2
145 3
146 3
147 3
148 2
149 3
150 3
151 2
152 3
153 3
154 3
155 2
156 3
157 3
158 2
159 3
160 3
161 3
162 2
163 3
164 3
165 2
166 3
167 3
168 3
169 2
170 3
171 3
172 2
173 3
174 3
175 3
176 2
177 3
178 3
179 2
180 3
181 3
182 3
183 2
184 3
185 3
186 2
187 3
188 3
189 3
190 2
191 3
192 3
193 2
194 3
195 3
196 3
197 2
198 3
199 3
200 2
201 3
202 3
203 3
204 2
205 3
206 3
207 2
208 3
209 3
210 3
211 2
212 3
213 3
214 2
215 3
216 3
217 3
218 2
219 3
220 3
221 2
222 3
223 3
224 3
225 2
226 3
227 3
228 2
229 3
230 3
231 3
232 2
233 3
234 3
235 2
236 3
237 3
238 3
239 2
240 3
241 3
242 2
243 3
244 3
245 3
246 2
247 3
248 3
249 2
250 3
251 3
252 3
253 2
254 3
255 3
256 2
257 3
258 3
259 3
260 2
261 3
262 3
263 2
264 3
265 3
266 3
267 2
268 3
269 3
270 2
271 3
272 3
273 3
274 2
275 3
276 3
277 2
278 3
279 3
280 3
281 2
282 3
283 3
284 2
285 3
286 3
287 3
288 2
289 3
290 3
291 2
292 3
293 3
294 3
295 2
296 3
297 3
298 2
299 3
300 3
301 3
302 2
303 3
304 3
305 2
306 3
307 3
308 3
309 2
310 3
311 3
312 2
313 3
314 3
315 3
316 2
317 3
318 3
319 2
320 3
321 3
322 3
323 2
324 3
325 3
326 2
327 3
328 3
329 3
330 2
331 3
332 3
333 2
334 3
335 3
336 3
337 2
338 3
339 3
340 2
341 3
342 3
343 3
344 2
345 3
346 3
347 2
348 3
349 3
350 3
351 2
352 3
353 3
354 2
355 3
356 3
357 3
358 2
359 3
360 3
361 2
362 3
363 3
364 3
365 2
366 3
367 3
368 2
369 3
370 3
371 3
372 2
373 3
374 3
375 2
376 3
377 3
378 3
379 2
380 3
381 3
382 2
383 3
384 3
385 3
386 2
387 3
388 3
389 2
390 3
391 3
392 3
393 2
394 3
395 3
396 2
397 3
398 3
399 3
400 2
401 3
402 3
403 2
404 3
405 3
406 3
407 2
408 3
409 3
410 2
411 3
412 3
413 3
414 2
415 3
416 3
417 2
418 3
419 3
420 3
421 2
422 3
423 3
424 2
425 3
426 3
427 3
428 2
429 3
430 3
431 2
432 3
433 3
434 3
435 2
436 3
437 3
438 2
439 3
440 3
441 3
442 2
443 3
444 3
445 2
446 3
447 3
448 3
449 2
450 3
451 3
452 2
453 3
454 3
455 3
456 2
457 3
458 3
459 2
460 3
461 3
462 3
463 2
464 3
465 3
466 2
467 3
468 3
469 3
470 2
471 3
472 3
473 2
474 3
475 3
476 3
477 2
478 3
479 3
480 2
481 3
482 3
483 3
484 2
485 3
486 3
487 2
488 3
489 3
490 3
491 2
492 3
493 3
494 2
495 3
496 3
497 3
498 2
499 3
500 3
501 2
502 3
503 3
504 3
505 2
506 3
507 3
508 2
509 3
510 3
511 3
512 2
513 3
514 3
515 2
516 3
517 3
518 3
519 2
520 3
521 3
522 2
523 3
524 3
525 3
526 2
527 3
528 3
529 2
530 3
531 3
532 3
533 2
534 3
535 3
536 2
537 3
538 3
539 3
540 2
541 3
542 3
543 2
544 3
545 3
546 3
547 2
548 3
549 3
550 2
551 3
552 3
553 3
554 2
555 3
556 3
557 2
558 3
559 3
560 3
561 2
562 3
563 3
564 2
565 3
566 3
567 3
568 2
569 3
570 3
571 2
572 3
573 3
574 3
575 2
576 3
577 3
578 2
579 3
580 3
581 3
582 2
583 3
584 3
585 2
586 3
587 3
588 3
589 2
590 3
591 3
592 2
593 3
594 3
595 3
596 2
597 3
598 3
599 2
600 3
601 3
602 3
603 2
604 3
605 3
606 2
607 3
608 3
609 3
610 2
611 3
612 3
613 2
614 3
615 3
616 3
617 2
618 3
619 3
620 2
621 3
622 3
623 3
624 2
625 3
626 3
627 2
628 3
629 3
630 3
631 2
632 3
633 3
634 2
635 3
636 3
637 3
638 2
639 3
640 3
641 2
642 3
643 3
644 3
645 2
646 3
647 3
648 2
649 3
650 3
651 3
652 2
653 3
654 3
655 2
656 3
657 3
658 3
659 2
660 3
661 3
662 2
663 3
664 3
665 3
666 2
667 3
668 3
669 2
670 3
671 3
672 3
673 2
674 3
675 3
676 2
677 3
678 3
679 3
680 2
681 3
682 3
683 2
684 3
685 3
686 3
687 2
688 3
689 3
690 2
691 3
692 3
693 3
694 2
695 3
696 3
697 2
698 3
699 3
700 3
701 2
702 3
703 3
704 2
705 3
706 3
707 3
708 2
709 3
710 3
711 2
712 3
713 3
714 3
715 2
716 3
717 3
718 2
719 3
720 3
721 3
722 2
723 3
724 3
725 2
726 3
727 3
728 3
729 2
730 3
731 3
732 2
733 3
734 3
735 3
736 2
737 3
738 3
739 2
740 3
741 3
742 3
743 2
744 3
745 3
746 2
747 3
748 3
749 3
750 2
751 3
752 3
753 2
754 3
755 3
756 3
757 2
758 3
759 3
760 2
761 3
762 3
763 3
764 2
765 3
766 3
767 2
768 3
769 3
770 3
771 2
772 3
773 3
774 2
775 3
776 3
777 3
778 2
779 3
780 3
781 2
782 3
783 3
784 3
785 2
786 3
787 3
788 2
789 3
790 3
791 3
792 2
793 3
794 3
795 2
796 3
797 3
798 3
799 2
800 3
801 3
802 2
803 3
804 3
805 3
806 2
807 3
808 3
809 2
810 3
811 3
812 3
813 2
814 3
815 3
816 2
817 3
818 3
819 3
820 2
821 3
822 3
823 2
824 3
825 3
826 3
827 2
828 3
829 3
830 2
831 3
832 3
833 3
834 2
835 3
836 3
837 2
838 3
839 3
840 3
841 2
842 3
843 3
844 2
845 3
846 3
847 3
848 2
849 3
850 3
851 2
852 3
853 3
854 3
855 2
856 3
857 3
858 2
859 3
860 3
861 3
862 2
863 3
864 3
865 2
866 3
867 3
868 3
869 2
870 3
871 3
872 2
873 3
874 3
875 3
876 2
877 3
878 3
879 2
880 3
881 3
882 3
883 2
884 3
885 3
886 2
887 3
888 3
889 3
890 2
891 3
892 3
893 2
894 3
895 3
896 3
897 2
898 3
899 3
900 2
901 3
902 3
903 3
904 2
905 3
906 3
907 2
908 3
909 3
910 3
911 2
912 3
913 3
914 2
915 3
916 3
917 3
918 2
919 3
920 3
921 2
922 3
923 3
924 3
925 2
926 3
927 3
928 2
929 3
930 3
931 3
932 2
933 3
934 3
935 2
936 3
937 3
938 3
939 2
940 3
941 3
942 2
943 3
944 3
945 3
946 2
947 3
948 3
949 2
950 3
951 3
952 3
953 2
954 3
955 3
956 2
957 3
958 3
959 3
960 2
961 3
962 3
963 2
964 3
965 3
966 3
967 2
968 3
969 3
970 2
971 3
972 3
973 3
974 2
975 3
976 3
977 2
978 3
979 3
980 3
981 2
982 3
983 3
984 2
985 3
986 3
987 3
988 2
989 3
990 3
991 2
992 3
993 3
994 3
995 2
996 3
997 3
998 2
999 3
1000 3
1001 3
1002 2
1003 3
1004 3
1005 2
1006 3
1007 3
1008 3
1009 2
1010 3
1011 3
1012 2
1013 3
1014 3
1015 3
1016 2
1017 3
1018 3
1019 2
1020 3
1021 3
1022 3
1023 2
1024 3
1025 3
1026 2
1027 3
1028 3
1029 3
1030 2
1031 3
1032 3
1033 2
1034 3
1035 3
1036 3
1037 2
1038 3
1039 3
1040 2
1041 3
1042 3
1043 3
1044 2
1045 3
1046 3
1047 2
1048 3
1049 3
1050 3
1051 2
1052 3
1053 3
1054 2
1055 3
1056 3
1057 3
1058 2
1059 3
1060 3
1061 2
1062 3
1063 3
1064 3
1065 2
1066 3
1067 3
1068 2
1069 3
1070 3
1071 3
1072 2
1073 3
1074 3
1075 2
1076 3
1077 3
1078 3
1079 2
1080 3
1081 3
1082 2
1083 3
1084 3
1085 3
1086 2
1087 3
1088 3
1089 2
1090 3
1091 3
1092 3
1093 2
1094 3
1095 3
1096 2
1097 3
1098 3
1099 3
1100 2
1101 3
1102 3
1103 2
1104 3
1105 3
1106 3
1107 2
1108 3
1109 3
1110 2
1111 3
1112 3
1113 3
1114 2
1115 3
1116 3
1117 2
1118 3
1119 3
1120 3
1121 2
1122 3
1123 3
1124 2
1125 3
1126 3
1127 3
1128 2
1129 3
1130 3
1131 2
1132 3
1133 3
1134 3
1135 2
1136 3
1137 3
1138 2
1139 3
1140 3
1141 3
1142 2
1143 3
1144 3
1145 2
1146 3
1147 3
1148 3
1149 2
1150 3
1151 3
1152 2
1153 3
1154 3
1155 3
1156 2
1157 3
1158 3
1159 2
1160 3
1161 3
1162 3
1163 2
1164 3
1165 3
1166 2
1167 3
1168 3
1169 3
1170 2
1171 3
1172 3
1173 2
1174 3
1175 3
1176 3
1177 2
1178 3
1179 3
1180 2
1181 3
1182 3
1183 3
1184 2
1185 3
1186 3
1187 2
1188 3
1189 3
1190 3
1191 2
1192 3
1193 3
1194 2
1195 3
1196 3
1197 3
1198 2
1199 3
1200 3
1201 2
1202 3
1203 3
1204 3
1205 2
1206 3
1207 3
1208 2
1209 3
1210 3
1211 3
1212 2
1213 3
1214 3
1215 2
1216 3
1217 3
1218 3
1219 2
1220 3
1221 3
1222 2
1223 3
1224 3
1225 3
1226 2
1227 3
1228 3
1229 2
1230 3
1231 3
1232 3
1233 2
1234 3
1235 3
1236 2
1237 3
1238 3
1239 3
1240 2
1241 3
1242 3
1243 2
1244 3
1245 3
1246 3
1247 2
1248 3
1249 3
1250 2
1251 3
1252 3
1253 3
1254 2
1255 3
1256 3
1257 2
1258 3
1259 3
1260 3
1261 2
1262 3
1263 3
1264 2
1265 3
1266 3
1267 3
1268 2
1269 3
1270 3
1271 2
1272 3
1273 3
1274 3
1275 2
1276 3
1277 3
1278 2
1279 3
1280 3
1281 3
1282 2
1283 3
1284 3
1285 2
1286 3
1287 3
1288 3
1289 2
1290 3
1291 3
1292 2
1293 3
1294 3
1295 3
1296 2
1297 3
1298 3
1299 2
1300 3
1301 3
1302 3
1303 2
1304 3
1305 3
1306 2
1307 3
1308 3
1309 3
1310 2
1311 3
1312 3
1313 2
1314 3
1315 3
1316 3
1317 2
1318 3
1319 3
1320 2
1321 3
1322 3
1323 3
1324 2
1325 3
1326 3
1327 2
1328 3
1329 3
1330 3
1331 2
1332 3
1333 3
1334 2
1335 3
1336 3
1337 3
1338 2
1339 3
1340 3
1341 2
1342 3
1343 3
1344 3
1345 2
1346 3
1347 3
1348 2
1349 3
1350 3
1351 3
1352 2
1353 3
1354 3
1355 2
1356 3
1357 3
1358 3
1359 2
1360 3
1361 3
1362 2
1363 3
1364 3
1365 3
1366 2
1367 3
1368 3
1369 2
1370 3
1371 3
1372 3
1373 2
1374 3
1375 3
1376 2
1377 3
1378 3
1379 3
1380 2
1381 3
1382 3
1383 2
1384 3
1385 3
1386 3
1387 2
1388 3
1389 3
1390 2
1391 3
1392 3
1393 3
1394 2
1395 3
1396 3
1397 2
1398 3
1399 3
1400 3
1401 2
1402 3
1403 3
1404 2
1405 3
1406 3
1407 3
1408 2
1409 3
1410 3
1411 2
1412 3
1413 3
1414 3
1415 2
1416 3
1417 3
1418 2
1419 3
1420 3
1421 3
1422 2
1423 3
1424 3
1425 2
1426 3
1427 3
1428 3
1429 2
1430 3
1431 3
1432 2
1433 3
1434 3
1435 3
1436 2
1437 3
1438 3
1439 2
1440 3
1441 3
1442 3
1443 2
1444 3
1445 3
1446 2
1447 3
1448 3
1449 3
1450 2
1451 3
1452 3
1453 2
1454 3
1455 3
1456 3
1457 2
1458 3
1459 3
1460 2
1461 3
1462 3
1463 3
1464 2
1465 3
1466 3
1467 2
1468 3
1469 3
1470 3
1471 2
1472 3
1473 3
1474 2
1475 3
1476 3
1477 3
1478 2
1479 3
1480 3
1481 2
1482 3
1483 3
1484 3
1485 2
1486 3
1487 3
1488 2
1489 3
1490 3
1491 3
1492 2
1493 3
1494 3
1495 2
1496 3
1497 3
1498 3
1499 2
1500 3
1501 3
1502 2
1503 3
1504 3
1505 3
1506 2
1507 3
1508 3
1509 2
1510 3
1511 3
1512 3
1513 2
1514 3
1515 3
1516 2
1517 3
1518 3
1519 3
1520 2
1521 3
1522 3
1523 2
1524 3
1525 3
1526 3
1527 2
1528 3
1529 3
1530 2
1531 3
1532 3
1533 3
1534 2
1535 3
1536 3
1537 2
1538 3
1539 3
1540 3
1541 2
1542 3
1543 3
1544 2
1545 3
1546 3
1547 3
1548 2
1549 3
1550 3
1551 2
1552 3
1553 3
1554 3
1555 2
1556 3
1557 3
1558 2
1559 3
1560 3
1561 3
1562 2
1563 3
1564 3
1565 2
1566 3
1567 3
1568 3
1569 2
1570 3
1571 3
1572 2
1573 3
1574 3
1575 3
1576 2
1577 3
1578 3
1579 2
1580 3
1581 3
1582 3
1583 2
1584 3
1585 3
1586 2
1587 3
1588 3
1589 3
1590 2
1591 3
1592 3
1593 2
1594 3
1595 3
1596 3
1597 2
1598 3
1599 3
1600 2
1601 3
1602 3
1603 3
1604 2
1605 3
1606 3
1607 2
1608 3
1609 3
1610 3
1611 2
1612 3
1613 3
1614 2
1615 3
1616 3
1617 3
1618 2
1619 3
1620 3
1621 2
1622 3
1623 3
1624 3
1625 2
1626 3
1627 3
1628 2
1629 3
1630 3
1631 3
1632 2
1633 3
1634 3
1635 2
1636 3
1637 3
1638 3
1639 2
1640 3
1641 3
1642 2
1643 3
1644 3
1645 3
1646 2
1647 3
1648 3
1649 2
1650 3
1651 3
1652 3
1653 2
1654 3
1655 3
1656 2
1657 3
1658 3
1659 3
1660 2
1661 3
1662 3
1663 2
1664 3
1665 3
1666 3
1667 2
1668 3
1669 3
1670 2
1671 3
1672 3
1673 3
1674 2
1675 3
1676 3
1677 2
1678 3
1679 3
1680 3
1681 2
1682 3
1683 3
1684 2
1685 3
1686 3
1687 3
1688 2
1689 3
1690 3
1691 2
1692 3
1693 3
1694 3
1695 2
1696 3
1697 3
1698 2
1699 3
1700 3
1701 3
1702 2
1703 3
1704 3
1705 2
1706 3
1707 3
1708 3
1709 2
1710 3
1711 3
1712 2
1713 3
1714 3
1715 3
1716 2
1717 3
1718 3
1719 2
1720 3
1721 3
1722 3
1723 2
1724 3
1725 3
1726 2
1727 3
1728 3
1729 3
1730 2
1731 3
1732 3
1733 2
1734 3
1735 3
1736 3
1737 2
1738 3
1739 3
1740 2
1741 3
1742 3
1743 3
1744 2
1745 3
1746 3
1747 2
1748 3
1749 3
1750 3
1751 2
1752 3
1753 3
1754 2
1755 3
1756 3
1757 3
1758 2
1759 3
1760 3
1761 2
1762 3
1763 3
1764 3
1765 2
1766 3
1767 3
1768 2
1769 3
1770 3
1771 3
1772 2
1773 3
1774 3
1775 2
1776 3
1777 3
1778 3
1779 2
1780 3
1781 3
1782 2
1783 3
1784 3
1785 3
1786 2
1787 3
1788 3
1789 2
1790 3
1791 3
1792 3
1793 2
1794 3
1795 3
1796 2
1797 3
1798 3
1799 3
1800 2
1801 3
1802 3
1803 2
1804 3
1805 3
1806 3
1807 2
1808 3
1809 3
1810 2
1811 3
1812 3
1813 3
1814 2
1815 3
1816 3
1817 2
1818 3
1819 3
1820 3
1821 2
1822 3
1823 3
1824 2
1825 3
1826 3
1827 3
1828 2
1829 3
1830 3
1831 2
1832 3
1833 3
1834 3
1835 2
1836 3
1837 3
1838 2
1839 3
1840 3
1841 3
1842 2
1843 3
1844 3
1845 2
1846 3
1847 3
1848 3
1849 2
1850 3
1851 3
1852 2
1853 3
1854 3
1855 3
1856 2
1857 3
1858 3
1859 2
1860 3
1861 3
1862 3
1863 2
1864 3
1865 3
1866 2
1867 3
1868 3
1869 3
1870 2
1871 3
1872 3
1873 2
1874 3
1875 3
1876 3
1877 2
1878 3
1879 3
1880 2
1881 3
1882 3
1883 3
1884 2
1885 3
1886 3
1887 2
1888 3
1889 3
1890 3
1891 2
1892 3
1893 3
1894 2
1895 3
1896 3
1897 3
1898 2
1899 3
1900 3
1901 2
1902 3
1903 3
1904 3
1905 2
1906 3
1907 3
1908 2
1909 3
1910 3
1911 3
1912 2
1913 3
1914 3
1915 2
1916 3
1917 3
1918 3
1919 2
1920 3
1921 3
1922 2
1923 3
1924 3
1925 3
1926 2
1927 3
1928 3
1929 2
1930 3
1931 3
1932 3
1933 2
1934 3
1935 3
1936 2
1937 3
1938 3
1939 3
1940 2
1941 3
1942 3
1943 2
1944 3
1945 3
1946 3
1947 2
1948 3
1949 3
1950 2
1951 3
1952 3
1953 3
1954 2
1955 3
1956 3
1957 2
1958 3
1959 3
1960 3
1961 2
1962 3
1963 3
1964 2
1965 3
1966 3
1967 3
1968 2
1969 3
1970 3
1971 2
1972 3
1973 3
1974 3
1975 2
1976 3
1977 3
1978 2
1979 3
1980 3
1981 3
1982 2
1983 3
1984 3
1985 2
1986 3
1987 3
1988 3
1989 2
1990 3
1991 3
1992 2
1993 3
1994 3
1995 3
1996 2
1997 3
1998 3
1999 2
2000 3
2001 3
2002 3
2003 2
2004 3
2005 3
2006 2
2007 3
2008 3
2009 3
2010 2
2011 3
2012 3
2013 2
2014 3
2015 3
2016 3
2017 2
2018 3
2019 3
2020 2
2021 3
2022 3
2023 3
2024 2
2025 3
2026 3
2027 2
2028 3
2029 3
2030 3
2031 2
2032 3
2033 3
2034 2
2035 3
2036 3
2037 3
2038 2
2039 3
2040 3
2041 2
2042 3
2043 3
2044 3
2045 2
2046 3
2047 3
2048 2
2049 3
2050 3
2051 3
2052 2
2053 3
2054 3
2055 2
2056 3
2057 3
2058 3
2059 2
2060 3
2061 3
2062 2
2063 3
2064 3
2065 3
2066 2
2067 3
2068 3
2069 2
2070 3
2071 3
2072 3
2073 2
2074 3
2075 3
2076 2
2077 3
2078 3
2079 3
2080 2
2081 3
2082 3
2083 2
2084 3
2085 3
2086 3
2087 2
2088 3
2089 3
2090 2
2091 3
2092 3
2093 3
2094 2
2095 3
2096 3
2097 2
2098 3
2099 3
2100 3
2101 2
2102 3
2103 3
2104 2
2105 3
2106 3
2107 3
2108 2
2109 3
2110 3
2111 2
2112 3
2113 3
2114 3
2115 2
2116 3
2117 3
2118 2
2119 3
2120 3
2121 3
2122 2
2123 3
2124 3
2125 2
2126 3
2127 3
2128 3
2129 2
2130 3
2131 3
2132 2
2133 3
2134 3
2135 3
2136 2
2137 3
2138 3
2139 2
2140 3
2141 3
2142 3
2143 2
2144 3
2145 3
2146 2
2147 3
2148 3
2149 3
2150 2
2151 3
2152 3
2153 2
2154 3
2155 3
2156 3
2157 2
2158 3
2159 3
2160 2
2161 3
2162 3
2163 3
2164 2
2165 3
2166 3
2167 2
2168 3
2169 3
2170 3
2171 2
2172 3
2173 3
2174 2
2175 3
2176 3
2177 3
2178 2
2179 3
2180 3
2181 2
2182 3
2183 3
2184 3
2185 2
2186 3
2187 3
2188 2
2189 3
2190 3
2191 3
2192 2
2193 3
2194 3
2195 2
2196 3
2197 3
2198 3
2199 2
2200 3
2201 3
2202 2
2203 3
2204 3
2205 3
2206 2
2207 3
2208 3
2209 2
2210 3
2211 3
2212 3
2213 2
2214 3
2215 3
2216 2
2217 3
2218 3
2219 3
2220 2
2221 3
2222 3
2223 2
2224 3
2225 3
2226 3
2227 2
2228 3
2229 3
2230 2
2231 3
2232 3
2233 3
2234 2
2235 3
2236 3
2237 2
2238 3
2239 3
2240 3
2241 2
2242 3
2243 3
2244 2
2245 3
2246 3
2247 3
2248 2
2249 3
2250 3
2251 2
2252 3
2253 3
2254 3
2255 2
2256 3
2257 3
2258 2
2259 3
2260 3
2261 3
2262 2
2263 3
2264 3
2265 2
2266 3
2267 3
2268 3
2269 2
2270 3
2271 3
2272 2
2273 3
2274 3
2275 3
2276 2
2277 3
2278 3
2279 2
2280 3
2281 3
2282 3
2283 2
2284 3
2285 3
2286 2
2287 3
2288 3
2289 3
2290 2
2291 3
2292 3
2293 2
2294 3
2295 3
2296 3
2297 2
2298 3
2299 3
2300 2
2301 3
2302 3
2303 3
2304 2
2305 3
2306 3
2307 2
2308 3
2309 3
2310 3
2311 2
2312 3
2313 3
2314 2
2315 3
2316 3
2317 3
2318 2
2319 3
2320 3
2321 2
2322 3
2323 3
2324 3
2325 2
2326 3
2327 3
2328 2
2329 3
2330 3
2331 3
2332 2
2333 3
2334 3
2335 2
2336 3
2337 3
2338 3
2339 2
2340 3
2341 3
2342 2
2343 3
2344 3
2345 3
2346 2
2347 3
2348 3
2349 2
2350 3
2351 3
2352 3
2353 2
2354 3
2355 3
2356 2
2357 3
2358 3
2359 3
2360 2
2361 3
2362 3
2363 2
2364 3
2365 3
2366 3
2367 2
2368 3
2369 3
2370 2
2371 3
2372 3
2373 3
2374 2
2375 3
2376 3
2377 2
2378 3
2379 3
2380 3
2381 2
2382 3
2383 3
2384 2
2385 3
2386 3
2387 3
2388 2
2389 3
2390 3
2391 2
2392 3
2393 3
2394 3
2395 2
2396 3
2397 3
2398 2
2399 3
2400 3
2401 3
2402 2
2403 3
2404 3
2405 2
2406 3
2407 3
2408 3
2409 2
2410 3
2411 3
2412 2
2413 3
2414 3
2415 3
2416 2
2417 3
2418 3
2419 2
2420 3
2421 3
2422 3
2423 2
2424 3
2425 3
2426 2
2427 3
2428 3
2429 3
2430 2
2431 3
2432 3
2433 2
2434 3
2435 3
2436 3
2437 2
2438 3
2439 3
2440 2
2441 3
2442 3
2443 3
2444 2
2445 3
2446 3
2447 2
2448 3
2449 3
2450 3
2451 2
2452 3
2453 3
2454 2
2455 3
2456 3
2457 3
2458 2
2459 3
2460 3
2461 2
2462 3
2463 3
2464 3
2465 2
2466 3
2467 3
2468 2
2469 3
2470 3
2471 3
2472 2
2473 3
2474 3
2475 2
2476 3
2477 3
2478 3
2479 2
2480 3
2481 3
2482 2
2483 3
2484 3
2485 3
2486 2
2487 3
2488 3
2489 2
2490 3
2491 3
2492 3
2493 2
2494 3
2495 3
2496 2
2497 3
2498 3
2499 3
2500 2
2501 3
2502 3
2503 2
2504 3
2505 3
2506 3
2507 2
2508 3
2509 3
2510 2
2511 3
2512 3
2513 3
2514 2
2515 3
2516 3
2517 2
2518 3
2519 3
2520 3
2521 2
2522 3
2523 3
2524 2
2525 3
2526 3
2527 3
2528 2
2529 3
2530 3
2531 2
2532 3
2533 3
2534 3
2535 2
2536 3
2537 3
2538 2
2539 3
2540 3
2541 3
2542 2
2543 3
2544 3
2545 2
2546 3
2547 3
2548 3
2549 2
2550 3
2551 3
2552 2
2553 3
2554 3
2555 3
2556 2
2557 3
2558 3
2559 2
2560 3
2561 3
2562 3
2563 2
2564 3
2565 3
2566 2
2567 3
2568 3
2569 3
2570 2
2571 3
2572 3
2573 2
2574 3
2575 3
2576 3
2577 2
2578 3
2579 3
2580 2
2581 3
2582 3
2583 3
2584 2
2585 3
2586 3
2587 2
2588 3
2589 3
2590 3
2591 2
2592 3
2593 3
2594 2
2595 3
2596 3
2597 3
2598 2
2599 3
2600 3
2601 2
2602 3
2603 3
2604 3
2605 2
2606 3
2607 3
2608 2
2609 3
2610 3
2611 3
2612 2
2613 3
2614 3
2615 2
2616 3
2617 3
2618 3
2619 2
2620 3
2621 3
2622 2
2623 3
2624 3
2625 3
2626 2
2627 3
2628 3
2629 2
2630 3
2631 3
2632 3
2633 2
2634 3
2635 3
2636 2
2637 3
2638 3
2639 3
2640 2
2641 3
2642 3
2643 2
2644 3
2645 3
2646 3
2647 2
2648 3
2649 3
2650 2
2651 3
2652 3
2653 3
2654 2
2655 3
2656 3
2657 2
2658 3
2659 3
2660 3
2661 2
2662 3
2663 3
2664 2
2665 3
2666 3
2667 3
2668 2
2669 3
2670 3
2671 2
2672 3
2673 3
2674 3
2675 2
2676 3
2677 3
2678 2
2679 3
2680 3
2681 3
2682 2
2683 3
2684 3
2685 2
2686 3
2687 3
2688 3
2689 2
2690 3
2691 3
2692 2
2693 3
2694 3
2695 3
2696 2
2697 3
2698 3
2699 2
2700 3
2701 3
2702 3
2703 2
2704 3
2705 3
2706 2
2707 3
2708 3
2709 3
2710 2
2711 3
2712 3
2713 2
2714 3
2715 3
2716 3
2717 2
2718 3
2719 3
2720 2
2721 3
2722 3
2723 3
2724 2
2725 3
2726 3
2727 2
2728 3
2729 3
2730 3
2731 2
2732 3
2733 3
2734 2
2735 3
2736 3
2737 3
2738 2
2739 3
2740 3
2741 2
2742 3
2743 3
2744 3
2745 2
2746 3
2747 3
2748 2
2749 3
2750 3
2751 3
2752 2
2753 3
2754 3
2755 2
2756 3
2757 3
2758 3
2759 2
2760 3
2761 3
2762 2
2763 3
2764 3
2765 3
2766 2
2767 3
2768 3
2769 2
2770 3
2771 3
2772 3
2773 2
2774 3
2775 3
2776 2
2777 3
2778 3
2779 3
2780 2
2781 3
2782 3
2783 2
2784 3
2785 3
2786 3
2787 2
2788 3
2789 3
2790 2
2791 3
2792 3
2793 3
2794 2
2795 3
2796 3
2797 2
2798 3
2799 3
2800 3
2801 2
2802 3
2803 3
2804 2
2805 3
2806 3
2807 3
2808 2
2809 3
2810 3
2811 2
2812 3
2813 3
2814 3
2815 2
2816 3
2817 3
2818 2
2819 3
2820 3
2821 3
2822 2
2823 3
2824 3
2825 2
2826 3
2827 3
2828 3
2829 2
2830 3
2831 3
2832 2
2833 3
2834 3
2835 3
2836 2
2837 3
2838 3
2839 2
2840 3
2841 3
2842 3
2843 2
2844 3
2845 3
2846 2
2847 3
2848 3
2849 3
2850 2
2851 3
2852 3
2853 2
2854 3
2855 3
2856 3
2857 2
2858 3
2859 3
2860 2
2861 3
2862 3
2863 3
2864 2
2865 3
2866 3
2867 2
2868 3
2869 3
2870 3
2871 2
2872 3
2873 3
2874 2
2875 3
2876 3
2877 3
2878 2
2879 3
2880 3
2881 2
2882 3
2883 3
2884 3
2885 2
2886 3
2887 3
2888 2
2889 3
2890 3
2891 3
2892 2
2893 3
2894 3
2895 2
2896 3
2897 3
2898 3
2899 2
2900 3
2901 3
2902 2
2903 3
2904 3
2905 3
2906 2
2907 3
2908 3
2909 2
2910 3
2911 3
2912 3
2913 2
2914 3
2915 3
2916 2
2917 3
2918 3
2919 3
2920 2
2921 3
2922 3
2923 2
2924 3
2925 3
2926 3
2927 2
2928 3
2929 3
2930 2
2931 3
2932 3
2933 3
2934 2
2935 3
2936 3
2937 2
2938 3
2939 3
2940 3
2941 2
2942 3
2943 3
2944 2
2945 3
2946 3
2947 3
2948 2
2949 3
2950 3
2951 2
2952 3
2953 3
2954 3
2955 2
2956 3
2957 3
2958 2
2959 3
2960 3
2961 3
2962 2
2963 3
2964 3
2965 2
2966 3
2967 3
2968 3
2969 2
2970 3
2971 3
2972 2
2973 3
2974 3
2975 3
2976 2
2977 3
2978 3
2979 2
2980 3
2981 3
2982 3
2983 2
2984 3
2985 3
2986 2
2987 3
2988 3
2989 3
2990 2
2991 3
2992 3
2993 2
2994 3
2995 3
2996 3
2997 2
2998 3
2999 3
3000 2
3001 3
3002 3
3003 3
3004 2
3005 3
3006 3
3007 2
3008 3
3009 3
3010 3
3011 2
3012 3
3013 3
3014 2
3015 3
3016 3
3017 3
3018 2
3019 3
3020 3
3021 2
3022 3
3023 3
3024 3
3025 2
3026 3
3027 3
3028 2
3029 3
3030 3
3031 3
3032 2
3033 3
3034 3
3035 2
3036 3
3037 3
3038 3
3039 2
3040 3
3041 3
3042 2
3043 3
3044 3
3045 3
3046 2
3047 3
3048 3
3049 2
3050 3
3051 3
3052 3
3053 2
3054 3
3055 3
3056 2
3057 3
3058 3
3059 3
3060 2
3061 3
3062 3
3063 2
3064 3
3065 3
3066 3
3067 2
3068 3
3069 3
3070 2
3071 3
3072 3
3073 3
3074 2
3075 3
3076 3
3077 2
3078 3
3079 3
3080 3
3081 2
3082 3
3083 3
3084 2
3085 3
3086 3
3087 3
3088 2
3089 3
3090 3
3091 2
3092 3
3093 3
3094 3
3095 2
3096 3
3097 3
3098 2
3099 3
3100 3
3101 3
3102 2
3103 3
3104 3
3105 2
3106 3
3107 3
3108 3
3109 2
3110 3
3111 3
3112 2
3113 3
3114 3
3115 3
3116 2
3117 3
3118 3
3119 2
3120 3
3121 3
3122 3
3123 2
3124 3
3125 3
3126 2
3127 3
3128 3
3129 3
3130 2
3131 3
3132 3
3133 2
3134 3
3135 3
3136 3
3137 2
3138 3
3139 3
3140 2
3141 3
3142 3
3143 3
3144 2
3145 3
3146 3
3147 2
3148 3
3149 3
3150 3
3151 2
3152 3
3153 3
3154 2
3155 3
3156 3
3157 3
3158 2
3159 3
3160 3
3161 2
3162 3
3163 3
3164 3
3165 2
3166 3
3167 3
3168 2
3169 3
3170 3
3171 3
3172 2
3173 3
3174 3
3175 2
3176 3
3177 3
3178 3
3179 2
3180 3
3181 3
3182 2
3183 3
3184 3
3185 3
3186 2
3187 3
3188 3
3189 2
3190 3
3191 3
3192 3
3193 2
3194 3
3195 3
3196 2
3197 3
3198 3
3199 3
3200 2
3201 3
3202 3
3203 2
3204 3
3205 3
3206 3
3207 2
3208 3
3209 3
3210 2
3211 3
3212 3
3213 3
3214 2
3215 3
3216 3
3217 2
3218 3
3219 3
3220 3
3221 2
3222 3
3223 3
3224 2
3225 3
3226 3
3227 3
3228 2
3229 3
3230 3
3231 2
3232 3
3233 3
3234 3
3235 2
3236 3
3237 3
3238 2
3239 3
3240 3
3241 3
3242 2
3243 3
3244 3
3245 2
3246 3
3247 3
3248 3
3249 2
3250 3
3251 3
3252 2
3253 3
3254 3
3255 3
3256 2
3257 3
3258 3
3259 2
3260 3
3261 3
3262 3
3263 2
3264 3
3265 3
3266 2
3267 3
3268 3
3269 3
3270 2
3271 3
3272 3
3273 2
3274 3
3275 3
3276 3
3277 2
3278 3
3279 3
3280 2
3281 3
3282 3
3283 3
3284 2
3285 3
3286 3
3287 2
3288 3
3289 3
3290 3
3291 2
3292 3
3293 3
3294 2
3295 3
3296 3
3297 3
3298 2
3299 3
3300 3
3301 2
3302 3
3303 3
3304 3
3305 2
3306 3
3307 3
3308 2
3309 3
3310 3
3311 3
3312 2
3313 3
3314 3
3315 2
3316 3
3317 3
3318 3
3319 2
3320 3
3321 3
3322 2
3323 3
3324 3
3325 3
3326 2
3327 3
3328 3
3329 2
3330 3
3331 3
3332 3
3333 2
3334 3
3335 3
3336 2
3337 3
3338 3
3339 3
3340 2
3341 3
3342 3
3343 2
3344 3
3345 3
3346 3
3347 2
3348 3
3349 3
3350 2
3351 3
3352 3
3353 3
3354 2
3355 3
3356 3
3357 2
3358 3
3359 3
3360 3
3361 2
3362 3
3363 3
3364 2
3365 3
3366 3
3367 3
3368 2
3369 3
3370 3
3371 2
3372 3
3373 3
3374 3
3375 2
3376 3
3377 3
3378 2
3379 3
3380 3
3381 3
3382 2
3383 3
3384 3
3385 2
3386 3
3387 3
3388 3
3389 2
3390 3
3391 3
3392 2
3393 3
3394 3
3395 3
3396 2
3397 3
3398 3
3399 2
3400 3
3401 3
3402 3
3403 2
3404 3
3405 3
3406 2
3407 3
3408 3
3409 3
3410 2
3411 3
3412 3
3413 2
3414 3
3415 3
3416 3
3417 2
3418 3
3419 3
3420 2
3421 3
3422 3
3423 3
3424 2
3425 3
3426 3
3427 2
3428 3
3429 3
3430 3
3431 2
3432 3
3433 3
3434 2
3435 3
3436 3
3437 3
3438 2
3439 3
3440 3
3441 2
3442 3
3443 3
3444 3
3445 2
3446 3
3447 3
3448 2
3449 3
3450 3
3451 3
3452 2
3453 3
3454 3
3455 2
3456 3
3457 3
3458 3
3459 2
3460 3
3461 3
3462 2
3463 3
3464 3
3465 3
3466 2
3467 3
3468 3
3469 2
3470 3
3471 3
3472 3
3473 2
3474 3
3475 3
3476 2
3477 3
3478 3
3479 3
3480 2
3481 3
3482 3
3483 2
3484 3
3485 3
3486 3
3487 2
3488 3
3489 3
3490 2
3491 3
3492 3
3493 3
3494 2
3495 3
3496 3
3497 2
3498 3
3499 3
3500 3
3501 2
3502 3
3503 3
3504 2
3505 3
3506 3
3507 3
3508 2
3509 3
3510 3
3511 2
3512 3
3513 3
3514 3
3515 2
3516 3
3517 3
3518 2
3519 3
3520 3
3521 3
3522 2
3523 3
3524 3
3525 2
3526 3
3527 3
3528 3
3529 2
3530 3
3531 3
3532 2
3533 3
3534 3
3535 3
3536 2
3537 3
3538 3
3539 2
3540 3
3541 3
3542 3
3543 2
3544 3
3545 3
3546 2
3547 3
3548 3
3549 3
3550 2
3551 3
3552 3
3553 2
3554 3
3555 3
3556 3
3557 2
3558 3
3559 3
3560 2
3561 3
3562 3
3563 3
3564 2
3565 3
3566 3
3567 2
3568 3
3569 3
3570 3
3571 2
3572 3
3573 3
3574 2
3575 3
3576 3
3577 3
3578 2
3579 3
3580 3
3581 2
3582 3
3583 3
3584 3
3585 2
3586 3
3587 3
3588 2
3589 3
3590 3
3591 3
3592 2
3593 3
3594 3
3595 2
3596 3
3597 3
3598 3
3599 2
3600 3
3601 3
3602 2
3603 3
3604 3
3605 3
3606 2
3607 3
3608 3
3609 2
3610 3
3611 3
3612 3
3613 2
3614 3
3615 3
3616 2
3617 3
3618 3
3619 3
3620 2
3621 3
3622 3
3623 2
3624 3
3625 3
3626 3
3627 2
3628 3
3629 3
3630 2
3631 3
3632 3
3633 3
3634 2
3635 3
3636 3
3637 2
3638 3
3639 3
3640 3
3641 2
3642 3
3643 3
3644 2
3645 3
3646 3
3647 3
3648 2
3649 3
3650 3
3651 2
3652 3
3653 3
3654 3
3655 2
3656 3
3657 3
3658 2
3659 3
3660 3
3661 3
3662 2
3663 3
3664 3
3665 2
3666 3
3667 3
3668 3
3669 2
3670 3
3671 3
3672 2
3673 3
3674 3
3675 3
3676 2
3677 3
3678 3
3679 2
3680 3
3681 3
3682 3
3683 2
3684 3
3685 3
3686 2
3687 3
3688 3
3689 3
3690 2
3691 3
3692 3
3693 2
3694 3
3695 3
3696 3
3697 2
3698 3
3699 3
3700 2
3701 3
3702 3
3703 3
3704 2
3705 3
3706 3
3707 2
3708 3
3709 3
3710 3
3711 2
3712 3
3713 3
3714 2
3715 3
3716 3
3717 3
3718 2
3719 3
3720 3
3721 2
3722 3
3723 3
3724 3
3725 2
3726 3
3727 3
3728 2
3729 3
3730 3
3731 3
3732 2
3733 3
3734 3
3735 2
3736 3
3737 3
3738 3
3739 2
3740 3
3741 3
3742 2
3743 3
3744 3
3745 3
3746 2
3747 3
3748 3
3749 2
3750 3
3751 3
3752 3
3753 2
3754 3
3755 3
3756 2
3757 3
3758 3
3759 3
3760 2
3761 3
3762 3
3763 2
3764 3
3765 3
3766 3
3767 2
3768 3
3769 3
3770 2
3771 3
3772 3
3773 3
3774 2
3775 3
3776 3
3777 2
3778 3
3779 3
3780 3
3781 2
3782 3
3783 3
3784 2
3785 3
3786 3
3787 3
3788 2
3789 3
3790 3
3791 2
3792 3
3793 3
3794 3
3795 2
3796 3
3797 3
3798 2
3799 3
3800 3
3801 3
3802 2
3803 3
3804 3
3805 2
3806 3
3807 3
3808 3
3809 2
3810 3
3811 3
3812 2
3813 3
3814 3
3815 3
3816 2
3817 3
3818 3
3819 2
3820 3
3821 3
3822 3
3823 2
3824 3
3825 3
3826 2
3827 3
3828 3
3829 3
3830 2
3831 3
3832 3
3833 2
3834 3
3835 3
3836 3
3837 2
3838 3
3839 3
3840 2
3841 3
3842 3
3843 3
3844 2
3845 3
3846 3
3847 2
3848 3
3849 3
3850 3
3851 2
3852 3
3853 3
3854 2
3855 3
3856 3
3857 3
3858 2
3859 3
3860 3
3861 2
3862 3
3863 3
3864 3
3865 2
3866 3
3867 3
3868 2
3869 3
3870 3
3871 3
3872 2
3873 3
3874 3
3875 2
3876 3
3877 3
3878 3
3879 2
3880 3
3881 3
3882 2
3883 3
3884 3
3885 3
3886 2
3887 3
3888 3
3889 2
3890 3
3891 3
3892 3
3893 2
3894 3
3895 3
3896 2
3897 3
3898 3
3899 3
3900 2
3901 3
3902 3
3903 2
3904 3
3905 3
3906 3
3907 2
3908 3
3909 3
3910 2
3911 3
3912 3
3913 3
3914 2
3915 3
3916 3
3917 2
3918 3
3919 3
3920 3
3921 2
3922 3
3923 3
3924 2
3925 3
3926 3
3927 3
3928 2
3929 3
3930 3
3931 2
3932 3
3933 3
3934 3
3935 2
3936 3
3937 3
3938 2
3939 3
3940 3
3941 3
3942 2
3943 3
3944 3
3945 2
3946 3
3947 3
3948 3
3949 2
3950 3
3951 3
3952 2
3953 3
3954 3
3955 3
3956 2
3957 3
3958 3
3959 2
3960 3
3961 3
3962 3
3963 2
3964 3
3965 3
3966 2
3967 3
3968 3
3969 3
3970 2
3971 3
3972 3
3973 2
3974 3
3975 3
3976 3
3977 2
3978 3
3979 3
3980 2
3981 3
3982 3
3983 3
3984 2
3985 3
3986 3
3987 2
3988 3
3989 3
3990 3
3991 2
3992 3
3993 3
3994 2
3995 3
3996 3
3997 3
3998 2
3999 3
4000 3
4001 2
4002 3
4003 3
4004 3
4005 2
4006 3
4007 3
4008 2
4009 3
4010 3
4011 3
4012 2
4013 3
4014 3
4015 2
4016 3
4017 3
4018 3
4019 2
4020 3
4021 3
4022 2
4023 3
4024 3
4025 3
4026 2
4027 3
4028 3
4029 2
4030 3
4031 3
4032 3
4033 2
4034 3
4035 3
4036 2
4037 3
4038 3
4039 3
4040 2
4041 3
4042 3
4043 2
4044 3
4045 3
4046 3
4047 2
4048 3
4049 3
4050 2
4051 3
4052 3
4053 3
4054 2
4055 3
4056 3
4057 2
4058 3
4059 3
4060 3
4061 2
4062 3
4063 3
4064 2
4065 3
4066 3
4067 3
4068 2
4069 3
4070 3
4071 2
4072 3
4073 3
4074 3
4075 2
4076 3
4077 3
4078 2
4079 3
4080 3
4081 3
4082 2
4083 3
4084 3
4085 2
4086 3
4087 3
4088 3
4089 2
4090 3
4091 3
4092 2
4093 3
4094 3
4095 3
4096 2
4097 3
4098 3
4099 2
4100 3
4101 3
4102 3
4103 2
4104 3
4105 3
4106 2
4107 3
4108 3
4109 3
4110 2
4111 3
4112 3
4113 2
4114 3
4115 3
4116 3
4117 2
4118 3
4119 3
4120 2
4121 3
4122 3
4123 3
4124 2
4125 3
4126 3
4127 2
4128 3
4129 3
4130 3
4131 2
4132 3
4133 3
4134 2
4135 3
4136 3
4137 3
4138 2
4139 3
4140 3
4141 2
4142 3
4143 3
4144 3
4145 2
4146 3
4147 3
4148 2
4149 3
4150 3
4151 3
4152 2
4153 3
4154 3
4155 2
4156 3
4157 3
4158 3
4159 2
4160 3
4161 3
4162 2
4163 3
4164 3
4165 3
4166 2
4167 3
4168 3
4169 2
4170 3
4171 3
4172 3
4173 2
4174 3
4175 3
4176 2
4177 3
4178 3
4179 3
4180 2
4181 3
4182 3
4183 2
4184 3
4185 3
4186 3
4187 2
4188 3
4189 3
4190 2
4191 3
4192 3
4193 3
4194 2
4195 3
4196 3
4197 2
4198 3
4199 3
4200 3
4201 2
4202 3
4203 3
4204 2
4205 3
4206 3
4207 3
4208 2
4209 3
4210 3
4211 2
4212 3
4213 3
4214 3
4215 2
4216 3
4217 3
4218 2
4219 3
4220 3
4221 3
4222 2
4223 3
4224 3
4225 2
4226 3
4227 3
4228 3
4229 2
4230 3
4231 3
4232 2
4233 3
4234 3
4235 3
4236 2
4237 3
4238 3
4239 2
4240 3
4241 3
4242 3
4243 2
4244 3
4245 3
4246 2
4247 3
4248 3
4249 3
4250 2
4251 3
4252 3
4253 2
4254 3
4255 3
4256 3
4257 2
4258 3
4259 3
4260 2
4261 3
4262 3
4263 3
4264 2
4265 3
4266 3
4267 2
4268 3
4269 3
4270 3
4271 2
4272 3
4273 3
4274 2
4275 3
4276 3
4277 3
4278 2
4279 3
4280 3
4281 2
4282 3
4283 3
4284 3
4285 2
4286 3
4287 3
4288 2
4289 3
4290 3
4291 3
4292 2
4293 3
4294 3
4295 2
4296 3
4297 3
4298 3
4299 2
4300 3
4301 3
4302 2
4303 3
4304 3
4305 3
4306 2
4307 3
4308 3
4309 2
4310 3
4311 3
4312 3
4313 2
4314 3
4315 3
4316 2
4317 3
4318 3
4319 3
4320 2
4321 3
4322 3
4323 2
4324 3
4325 3
4326 3
4327 2
4328 3
4329 3
4330 2
4331 3
4332 3
4333 3
4334 2
4335 3
4336 3
4337 2
4338 3
4339 3
4340 3
4341 2
4342 3
4343 3
4344 2
4345 3
4346 3
4347 3
4348 2
4349 3
4350 3
4351 2
4352 3
4353 3
4354 3
4355 2
4356 3
4357 3
4358 2
4359 3
4360 3
4361 3
4362 2
4363 3
4364 3
4365 2
4366 3
4367 3
4368 3
4369 2
4370 3
4371 3
4372 2
4373 3
4374 3
4375 3
4376 2
4377 3
4378 3
4379 2
4380 3
4381 3
4382 3
4383 2
4384 3
4385 3
4386 2
4387 3
4388 3
4389 3
4390 2
4391 3
4392 3
4393 2
4394 3
4395 3
4396 3
4397 2
4398 3
4399 3
4400 2
4401 3
4402 3
4403 3
4404 2
4405 3
4406 3
4407 2
4408 3
4409 3
4410 3
4411 2
4412 3
4413 3
4414 2
4415 3
4416 3
4417 3
4418 2
4419 3
4420 3
4421 2
4422 3
4423 3
4424 3
4425 2
4426 3
4427 3
4428 2
4429 3
4430 3
4431 3
4432 2
4433 3
4434 3
4435 2
4436 3
4437 3
4438 3
4439 2
4440 3
4441 3
4442 2
4443 3
4444 3
4445 3
4446 2
4447 3
4448 3
4449 2
4450 3
4451 3
4452 3
4453 2
4454 3
4455 3
4456 2
4457 3
4458 3
4459 3
4460 2
4461 3
4462 3
4463 2
4464 3
4465 3
4466 3
4467 2
4468 3
4469 3
4470 2
4471 3
4472 3
4473 3
4474 2
4475 3
4476 3
4477 2
4478 3
4479 3
4480 3
4481 2
4482 3
4483 3
4484 2
4485 3
4486 3
4487 3
4488 2
4489 3
4490 3
4491 2
4492 3
4493 3
4494 3
4495 2
4496 3
4497 3
4498 2
4499 3
4500 3
4501 3
4502 2
4503 3
4504 3
4505 2
4506 3
4507 3
4508 3
4509 2
4510 3
4511 3
4512 2
4513 3
4514 3
4515 3
4516 2
4517 3
4518 3
4519 2
4520 3
4521 3
4522 3
4523 2
4524 3
4525 3
4526 2
4527 3
4528 3
4529 3
4530 2
4531 3
4532 3
4533 2
4534 3
4535 3
4536 3
4537 2
4538 3
4539 3
4540 2
4541 3
4542 3
4543 3
4544 2
4545 3
4546 3
4547 2
4548 3
4549 3
4550 3
4551 2
4552 3
4553 3
4554 2
4555 3
4556 3
4557 3
4558 2
4559 3
4560 3
4561 2
4562 3
4563 3
4564 3
4565 2
4566 3
4567 3
4568 2
4569 3
4570 3
4571 3
4572 2
4573 3
4574 3
4575 2
4576 3
4577 3
4578 3
4579 2
4580 3
4581 3
4582 2
4583 3
4584 3
4585 3
4586 2
4587 3
4588 3
4589 2
4590 3
4591 3
4592 3
4593 2
4594 3
4595 3
4596 2
4597 3
4598 3
4599 3
4600 2
4601 3
4602 3
4603 2
4604 3
4605 3
4606 3
4607 2
4608 3
4609 3
4610 2
4611 3
4612 3
4613 3
4614 2
4615 3
4616 3
4617 2
4618 3
4619 3
4620 3
4621 2
4622 3
4623 3
4624 2
4625 3
4626 3
4627 3
4628 2
4629 3
4630 3
4631 2
4632 3
4633 3
4634 3
4635 2
4636 3
4637 3
4638 2
4639 3
4640 3
4641 3
4642 2
4643 3
4644 3
4645 2
4646 3
4647 3
4648 3
4649 2
4650 3
4651 3
4652 2
4653 3
4654 3
4655 3
4656 2
4657 3
4658 3
4659 2
4660 3
4661 3
4662 3
4663 2
4664 3
4665 3
4666 2
4667 3
4668 3
4669 3
4670 2
4671 3
4672 3
4673 2
4674 3
4675 3
4676 3
4677 2
4678 3
4679 3
4680 2
4681 3
4682 3
4683 3
4684 2
4685 3
4686 3
4687 2
4688 3
4689 3
4690 3
4691 2
4692 3
4693 3
4694 2
4695 3
4696 3
4697 3
4698 2
4699 3
4700 3
4701 2
4702 3
4703 3
4704 3
4705 2
4706 3
4707 3
4708 2
4709 3
4710 3
4711 3
4712 2
4713 3
4714 3
4715 2
4716 3
4717 3
4718 3
4719 2
4720 3
4721 3
4722 2
4723 3
4724 3
4725 3
4726 2
4727 3
4728 3
4729 2
4730 3
4731 3
4732 3
4733 2
4734 3
4735 3
4736 2
4737 3
4738 3
4739 3
4740 2
4741 3
4742 3
4743 2
4744 3
4745 3
4746 3
4747 2
4748 3
4749 3
4750 2
4751 3
4752 3
4753 3
4754 2
4755 3
4756 3
4757 2
4758 3
4759 3
4760 3
4761 2
4762 3
4763 3
4764 2
4765 3
4766 3
4767 3
4768 2
4769 3
4770 3
4771 2
4772 3
4773 3
4774 3
4775 2
4776 3
4777 3
4778 2
4779 3
4780 3
4781 3
4782 2
4783 3
4784 3
4785 2
4786 3
4787 3
4788 3
4789 2
4790 3
4791 3
4792 2
4793 3
4794 3
4795 3
4796 2
4797 3
4798 3
4799 2
4800 3
4801 3
4802 3
4803 2
4804 3
4805 3
4806 2
4807 3
4808 3
4809 3
4810 2
4811 3
4812 3
4813 2
4814 3
4815 3
4816 3
4817 2
4818 3
4819 3
4820 2
4821 3
4822 3
4823 3
4824 2
4825 3
4826 3
4827 2
4828 3
4829 3
4830 3
4831 2
4832 3
4833 3
4834 2
4835 3
4836 3
4837 3
4838 2
4839 3
4840 3
4841 2
4842 3
4843 3
4844 3
4845 2
4846 3
4847 3
4848 2
4849 3
4850 3
4851 3
4852 2
4853 3
4854 3
4855 2
4856 3
4857 3
4858 3
4859 2
4860 3
4861 3
4862 2
4863 3
4864 3
4865 3
4866 2
4867 3
4868 3
4869 2
4870 3
4871 3
4872 3
4873 2
4874 3
4875 3
4876 2
4877 3
4878 3
4879 3
4880 2
4881 3
4882 3
4883 2
4884 3
4885 3
4886 3
4887 2
4888 3
4889 3
4890 2
4891 3
4892 3
4893 3
4894 2
4895 3
4896 3
4897 2
4898 3
4899 3
4900 3
4901 2
4902 3
4903 3
4904 2
4905 3
4906 3
4907 3
4908 2
4909 3
4910 3
4911 2
4912 3
4913 3
4914 3
4915 2
4916 3
4917 3
4918 2
4919 3
4920 3
4921 3
4922 2
4923 3
4924 3
4925 2
4926 3
4927 3
4928 3
4929 2
4930 3
4931 3
4932 2
4933 3
4934 3
4935 3
4936 2
4937 3
4938 3
4939 2
4940 3
4941 3
4942 3
4943 2
4944 3
4945 3
4946 2
4947 3
4948 3
4949 3
4950 2
4951 3
4952 3
4953 2
4954 3
4955 3
4956 3
4957 2
4958 3
4959 3
4960 2
4961 3
4962 3
4963 3
4964 2
4965 3
4966 3
4967 2
4968 3
4969 3
4970 3
4971 2
4972 3
4973 3
4974 2
4975 3
4976 3
4977 3
4978 2
4979 3
4980 3
4981 2
4982 3
4983 3
4984 3
4985 2
4986 3
4987 3
4988 2
4989 3
4990 3
4991 3
4992 2
4993 3
4994 3
4995 2
4996 3
4997 3
4998 3
4999 2
5000 3
5001 3
5002 2
5003 3
5004 3
5005 3
5006 2
5007 3
5008 3
5009 2
5010 3
5011 3
5012 3
5013 2
5014 3
5015 3
5016 2
5017 3
5018 3
5019 3
5020 2
5021 3
5022 3
5023 2
5024 3
5025 3
5026 3
5027 2
5028 3
5029 3
5030 2
5031 3
5032 3
5033 3
5034 2
5035 3
5036 3
5037 2
5038 3
5039 3
5040 3
5041 2
5042 3
5043 3
5044 2
5045 3
5046 3
5047 3
5048 2
5049 3
5050 3
5051 2
5052 3
5053 3
5054 3
5055 2
5056 3
5057 3
5058 2
5059 3
5060 3
5061 3
5062 2
5063 3
5064 3
5065 2
5066 3
5067 3
5068 3
5069 2
5070 3
5071 3
5072 2
5073 3
5074 3
5075 3
5076 2
5077 3
5078 3
5079 2
5080 3
5081 3
5082 3
5083 2
5084 3
5085 3
5086 2
5087 3
5088 3
5089 3
5090 2
5091 3
5092 3
5093 2
5094 3
5095 3
5096 3
5097 2
5098 3
5099 3
5100 2
5101 3
5102 3
5103 3
5104 2
5105 3
5106 3
5107 2
5108 3
5109 3
5110 3
5111 2
5112 3
5113 3
5114 2
5115 3
5116 3
5117 3
5118 2
5119 3
5120 3
5121 2
5122 3
5123 3
5124 3
5125 2
5126 3
5127 3
5128 2
5129 3
5130 3
5131 3
5132 2
5133 3
5134 3
5135 2
5136 3
5137 3
5138 3
5139 2
5140 3
5141 3
5142 2
5143 3
5144 3
5145 3
5146 2
5147 3
5148 3
5149 2
5150 3
5151 3
5152 3
5153 2
5154 3
5155 3
5156 2
5157 3
5158 3
5159 3
5160 2
5161 3
5162 3
5163 2
5164 3
5165 3
5166 3
5167 2
5168 3
5169 3
5170 2
5171 3
5172 3
5173 3
5174 2
5175 3
5176 3
5177 2
5178 3
5179 3
5180 3
5181 2
5182 3
5183 3
5184 2
5185 3
5186 3
5187 3
5188 2
5189 3
5190 3
5191 2
5192 3
5193 3
5194 3
5195 2
5196 3
5197 3
5198 2
5199 3
5200 3
5201 3
5202 2
5203 3
5204 3
5205 2
5206 3
5207 3
5208 3
5209 2
5210 3
5211 3
5212 2
5213 3
5214 3
5215 3
5216 2
5217 3
5218 3
5219 2
5220 3
5221 3
5222 3
5223 2
5224 3
5225 3
5226 2
5227 3
5228 3
5229 3
5230 2
5231 3
5232 3
5233 2
5234 3
5235 3
5236 3
5237 2
5238 3
5239 3
5240 2
5241 3
5242 3
5243 3
5244 2
5245 3
5246 3
5247 2
5248 3
5249 3
5250 3
5251 2
5252 3
5253 3
5254 2
5255 3
5256 3
5257 3
5258 2
5259 3
5260 3
5261 2
5262 3
5263 3
5264 3
5265 2
5266 3
5267 3
5268 2
5269 3
5270 3
5271 3
5272 2
5273 3
5274 3
5275 2
5276 3
5277 3
5278 3
5279 2
5280 3
5281 3
5282 2
5283 3
5284 3
5285 3
5286 2
5287 3
5288 3
5289 2
5290 3
5291 3
5292 3
5293 2
5294 3
5295 3
5296 2
5297 3
5298 3
5299 3
5300 2
5301 3
5302 3
5303 2
5304 3
5305 3
5306 3
5307 2
5308 3
5309 3
5310 2
5311 3
5312 3
5313 3
5314 2
5315 3
5316 3
5317 2
5318 3
5319 3
5320 3
5321 2
5322 3
5323 3
5324 2
5325 3
5326 3
5327 3
5328 2
5329 3
5330 3
5331 2
5332 3
5333 3
5334 3
5335 2
5336 3
5337 3
5338 2
5339 3
5340 3
5341 3
5342 2
5343 3
5344 3
5345 2
5346 3
5347 3
5348 3
5349 2
5350 3
5351 3
5352 2
5353 3
5354 3
5355 3
5356 2
5357 3
5358 3
5359 2
5360 3
5361 3
5362 3
5363 2
5364 3
5365 3
5366 2
5367 3
5368 3
5369 3
5370 2
5371 3
5372 3
5373 2
5374 3
5375 3
5376 3
5377 2
5378 3
5379 3
5380 2
5381 3
5382 3
5383 3
5384 2
5385 3
5386 3
5387 2
5388 3
5389 3
5390 3
5391 2
5392 3
5393 3
5394 2
5395 3
5396 3
5397 3
5398 2
5399 3
5400 3
5401 2
5402 3
5403 3
5404 3
5405 2
5406 3
5407 3
5408 2
5409 3
5410 3
5411 3
5412 2
5413 3
5414 3
5415 2
5416 3
5417 3
5418 3
5419 2
5420 3
5421 3
5422 2
5423 3
5424 3
5425 3
5426 2
5427 3
5428 3
5429 2
5430 3
5431 3
5432 3
5433 2
5434 3
5435 3
5436 2
5437 3
5438 3
5439 3
5440 2
5441 3
5442 3
5443 2
5444 3
5445 3
5446 3
5447 2
5448 3
5449 3
5450 2
5451 3
5452 3
5453 3
5454 2
5455 3
5456 3
5457 2
5458 3
5459 3
5460 3
5461 2
5462 3
5463 3
5464 2
5465 3
5466 3
5467 3
5468 2
5469 3
5470 3
5471 2
5472 3
5473 3
5474 3
5475 2
5476 3
5477 3
5478 2
5479 3
5480 3
5481 3
5482 2
5483 3
5484 3
5485 2
5486 3
5487 3
5488 3
5489 2
5490 3
5491 3
5492 2
5493 3
5494 3
5495 3
5496 2
5497 3
5498 3
5499 2
5500 3
5501 3
5502 3
5503 2
5504 3
5505 3
5506 2
5507 3
5508 3
5509 3
5510 2
5511 3
5512 3
5513 2
5514 3
5515 3
5516 3
5517 2
5518 3
5519 3
5520 2
5521 3
5522 3
5523 3
5524 2
5525 3
5526 3
5527 2
5528 3
5529 3
5530 3
5531 2
5532 3
5533 3
5534 2
5535 3
5536 3
5537 3
5538 2
5539 3
5540 3
5541 2
5542 3
5543 3
5544 3
5545 2
5546 3
5547 3
5548 2
5549 3
5550 3
5551 3
5552 2
5553 3
5554 3
5555 2
5556 3
5557 3
5558 3
5559 2
5560 3
5561 3
5562 2
5563 3
5564 3
5565 3
5566 2
5567 3
5568 3
5569 2
5570 3
5571 3
5572 3
5573 2
5574 3
5575 3
5576 2
5577 3
5578 3
5579 3
5580 2
5581 3
5582 3
5583 2
5584 3
5585 3
5586 3
5587 2
5588 3
5589 3
5590 2
5591 3
5592 3
5593 3
5594 2
5595 3
5596 3
5597 2
5598 3
5599 3
5600 3
5601 2
5602 3
5603 3
5604 2
5605 3
5606 3
5607 3
5608 2
5609 3
5610 3
5611 2
5612 3
5613 3
5614 3
5615 2
5616 3
5617 3
5618 2
5619 3
5620 3
5621 3
5622 2
5623 3
5624 3
5625 2
5626 3
5627 3
5628 3
5629 2
5630 3
5631 3
5632 2
5633 3
5634 3
5635 3
5636 2
5637 3
5638 3
5639 2
5640 3
5641 3
5642 3
5643 2
5644 3
5645 3
5646 2
5647 3
5648 3
5649 3
5650 2
5651 3
5652 3
5653 2
5654 3
5655 3
5656 3
5657 2
5658 3
5659 3
5660 2
5661 3
5662 3
5663 3
5664 2
5665 3
5666 3
5667 2
5668 3
5669 3
5670 3
5671 2
5672 3
5673 3
5674 2
5675 3
5676 3
5677 3
5678 2
5679 3
5680 3
5681 2
5682 3
5683 3
5684 3
5685 2
5686 3
5687 3
5688 2
5689 3
5690 3
5691 3
5692 2
5693 3
5694 3
5695 2
5696 3
5697 3
5698 3
5699 2
5700 3
5701 3
5702 2
5703 3
5704 3
5705 3
5706 2
5707 3
5708 3
5709 2
5710 3
5711 3
5712 3
5713 2
5714 3
5715 3
5716 2
5717 3
5718 3
5719 3
5720 2
5721 3
5722 3
5723 2
5724 3
5725 3
5726 3
5727 2
5728 3
5729 3
5730 2
5731 3
5732 3
5733 3
5734 2
5735 3
5736 3
5737 2
5738 3
5739 3
5740 3
5741 2
5742 3
5743 3
5744 2
5745 3
5746 3
5747 3
5748 2
5749 3
5750 3
5751 2
5752 3
5753 3
5754 3
5755 2
5756 3
5757 3
5758 2
5759 3
5760 3
5761 3
5762 2
5763 3
5764 3
5765 2
5766 3
5767 3
5768 3
5769 2
5770 3
5771 3
5772 2
5773 3
5774 3
5775 3
5776 2
5777 3
5778 3
5779 2
5780 3
5781 3
5782 3
5783 2
5784 3
5785 3
5786 2
5787 3
5788 3
5789 3
5790 2
5791 3
5792 3
5793 2
5794 3
5795 3
5796 3
5797 2
5798 3
5799 3
5800 2
5801 3
5802 3
5803 3
5804 2
5805 3
5806 3
5807 2
5808 3
5809 3
5810 3
5811 2
5812 3
5813 3
5814 2
5815 3
5816 3
5817 3
5818 2
5819 3
5820 3
5821 2
5822 3
5823 3
5824 3
5825 2
5826 3
5827 3
5828 2
5829 3
5830 3
5831 3
5832 2
5833 3
5834 3
5835 2
5836 3
5837 3
5838 3
5839 2
5840 3
5841 3
5842 2
5843 3
5844 3
5845 3
5846 2
5847 3
5848 3
5849 2
5850 3
5851 3
5852 3
5853 2
5854 3
5855 3
5856 2
5857 3
5858 3
5859 3
5860 2
5861 3
5862 3
5863 2
5864 3
5865 3
5866 3
5867 2
5868 3
5869 3
5870 2
5871 3
5872 3
5873 3
5874 2
5875 3
5876 3
5877 2
5878 3
5879 3
5880 3
5881 2
5882 3
5883 3
5884 2
5885 3
5886 3
5887 3
5888 2
5889 3
5890 3
5891 2
5892 3
5893 3
5894 3
5895 2
5896 3
5897 3
5898 2
5899 3
5900 3
5901 3
5902 2
5903 3
5904 3
5905 2
5906 3
5907 3
5908 3
5909 2
5910 3
5911 3
5912 2
5913 3
5914 3
5915 3
5916 2
5917 3
5918 3
5919 2
5920 3
5921 3
5922 3
5923 2
5924 3
5925 3
5926 2
5927 3
5928 3
5929 3
5930 2
5931 3
5932 3
5933 2
5934 3
5935 3
5936 3
5937 2
5938 3
5939 3
5940 2
5941 3
5942 3
5943 3
5944 2
5945 3
5946 3
5947 2
5948 3
5949 3
5950 3
5951 2
5952 3
5953 3
5954 2
5955 3
5956 3
5957 3
5958 2
5959 3
5960 3
5961 2
5962 3
5963 3
5964 3
5965 2
5966 3
5967 3
5968 2
5969 3
5970 3
5971 3
5972 2
5973 3
5974 3
5975 2
5976 3
5977 3
5978 3
5979 2
5980 3
5981 3
5982 2
5983 3
5984 3
5985 3
5986 2
5987 3
5988 3
5989 2
5990 3
5991 3
5992 3
5993 2
5994 3
5995 3
5996 2
5997 3
5998 3
5999 3
6000 2
6001 3
6002 3
6003 2
6004 3
6005 3
6006 3
6007 2
6008 3
6009 3
6010 2
6011 3
6012 3
6013 3
6014 2
6015 3
6016 3
6017 2
6018 3
6019 3
6020 3
6021 2
6022 3
6023 3
6024 2
6025 3
6026 3
6027 3
6028 2
6029 3
6030 3
6031 2
6032 3
6033 3
6034 3
6035 2
6036 3
6037 3
6038 2
6039 3
6040 3
6041 3
6042 2
6043 3
6044 3
6045 2
6046 3
6047 3
6048 3
6049 2
6050 3
6051 3
6052 2
6053 3
6054 3
6055 3
6056 2
6057 3
6058 3
6059 2
6060 3
6061 3
6062 3
6063 2
6064 3
6065 3
6066 2
6067 3
6068 3
6069 3
6070 2
6071 3
6072 3
6073 2
6074 3
6075 3
6076 3
6077 2
6078 3
6079 3
6080 2
6081 3
6082 3
6083 3
6084 2
6085 3
6086 3
6087 2
6088 3
6089 3
6090 3
6091 2
6092 3
6093 3
6094 2
6095 3
6096 3
6097 3
6098 2
6099 3
6100 3
6101 2
6102 3
6103 3
6104 3
6105 2
6106 3
6107 3
6108 2
6109 3
6110 3
6111 3
6112 2
6113 3
6114 3
6115 2
6116 3
6117 3
6118 3
6119 2
6120 3
6121 3
6122 2
6123 3
6124 3
6125 3
6126 2
6127 3
6128 3
6129 2
6130 3
6131 3
6132 3
6133 2
6134 3
6135 3
6136 2
6137 3
6138 3
6139 3
6140 2
6141 3
6142 3
6143 2
6144 3
6145 3
6146 3
6147 2
6148 3
6149 3
6150 2
6151 3
6152 3
6153 3
6154 2
6155 3
6156 3
6157 2
6158 3
6159 3
6160 3
6161 2
6162 3
6163 3
6164 2
6165 3
6166 3
6167 3
6168 2
6169 3
6170 3
6171 2
6172 3
6173 3
6174 3
6175 2
6176 3
6177 3
6178 2
6179 3
6180 3
6181 3
6182 2
6183 3
6184 3
6185 2
6186 3
6187 3
6188 3
6189 2
6190 3
6191 3
6192 2
6193 3
6194 3
6195 3
6196 2
6197 3
6198 3
6199 2
6200 3
6201 3
6202 3
6203 2
6204 3
6205 3
6206 2
6207 3
6208 3
6209 3
6210 2
6211 3
6212 3
6213 2
6214 3
6215 3
6216 3
6217 2
6218 3
6219 3
6220 2
6221 3
6222 3
6223 3
6224 2
6225 3
6226 3
6227 2
6228 3
6229 3
6230 3
6231 2
6232 3
6233 3
6234 2
6235 3
6236 3
6237 3
6238 2
6239 3
6240 3
6241 2
6242 3
6243 3
6244 3
6245 2
6246 3
6247 3
6248 2
6249 3
6250 3
6251 3
6252 2
6253 3
6254 3
6255 2
6256 3
6257 3
6258 3
6259 2
6260 3
6261 3
6262 2
6263 3
6264 3
6265 3
6266 2
6267 3
6268 3
6269 2
6270 3
6271 3
6272 3
6273 2
6274 3
6275 3
6276 2
6277 3
6278 3
6279 3
6280 2
6281 3
6282 3
6283 2
6284 3
6285 3
6286 3
6287 2
6288 3
6289 3
6290 2
6291 3
6292 3
6293 3
6294 2
6295 3
6296 3
6297 2
6298 3
6299 3
6300 3
6301 2
6302 3
6303 3
6304 2
6305 3
6306 3
6307 3
6308 2
6309 3
6310 3
6311 2
6312 3
6313 3
6314 3
6315 2
6316 3
6317 3
6318 2
6319 3
6320 3
6321 3
6322 2
6323 3
6324 3
6325 2
6326 3
6327 3
6328 3
6329 2
6330 3
6331 3
6332 2
6333 3
6334 3
6335 3
6336 2
6337 3
6338 3
6339 2
6340 3
6341 3
6342 3
6343 2
6344 3
6345 3
6346 2
6347 3
6348 3
6349 3
6350 2
6351 3
6352 3
6353 2
6354 3
6355 3
6356 3
6357 2
6358 3
6359 3
6360 2
6361 3
6362 3
6363 3
6364 2
6365 3
6366 3
6367 2
6368 3
6369 3
6370 3
6371 2
6372 3
6373 3
6374 2
6375 3
6376 3
6377 3
6378 2
6379 3
6380 3
6381 2
6382 3
6383 3
6384 3
6385 2
6386 3
6387 3
6388 2
6389 3
6390 3
6391 3
6392 2
6393 3
6394 3
6395 2
6396 3
6397 3
6398 3
6399 2
6400 3
6401 3
6402 2
6403 3
6404 3
6405 3
6406 2
6407 3
6408 3
6409 2
6410 3
6411 3
6412 3
6413 2
6414 3
6415 3
6416 2
6417 3
6418 3
6419 3
6420 2
6421 3
6422 3
6423 2
6424 3
6425 3
6426 3
6427 2
6428 3
6429 3
6430 2
6431 3
6432 3
6433 3
6434 2
6435 3
6436 3
6437 2
6438 3
6439 3
6440 3
6441 2
6442 3
6443 3
6444 2
6445 3
6446 3
6447 3
6448 2
6449 3
6450 3
6451 2
6452 3
6453 3
6454 3
6455 2
6456 3
6457 3
6458 2
6459 3
6460 3
6461 3
6462 2
6463 3
6464 3
6465 2
6466 3
6467 3
6468 3
6469 2
6470 3
6471 3
6472 2
6473 3
6474 3
6475 3
6476 2
6477 3
6478 3
6479 2
6480 3
6481 3
6482 3
6483 2
6484 3
6485 3
6486 2
6487 3
6488 3
6489 3
6490 2
6491 3
6492 3
6493 2
6494 3
6495 3
6496 3
6497 2
6498 3
6499 3
6500 2
6501 3
6502 3
6503 3
6504 2
6505 3
6506 3
6507 2
6508 3
6509 3
6510 3
6511 2
6512 3
6513 3
6514 2
6515 3
6516 3
6517 3
6518 2
6519 3
6520 3
6521 2
6522 3
6523 3
6524 3
6525 2
6526 3
6527 3
6528 2
6529 3
6530 3
6531 3
6532 2
6533 3
6534 3
6535 2
6536 3
6537 3
6538 3
6539 2
6540 3
6541 3
6542 2
6543 3
6544 3
6545 3
6546 2
6547 3
6548 3
6549 2
6550 3
6551 3
6552 3
6553 2
6554 3
6555 3
6556 2
6557 3
6558 3
6559 3
6560 2
6561 3
6562 3
6563 2
6564 3
6565 3
6566 3
6567 2
6568 3
6569 3
6570 2
6571 3
6572 3
6573 3
6574 2
6575 3
6576 3
6577 2
6578 3
6579 3
6580 3
6581 2
6582 3
6583 3
6584 2
6585 3
6586 3
6587 3
6588 2
6589 3
6590 3
6591 2
6592 3
6593 3
6594 3
6595 2
6596 3
6597 3
6598 2
6599 3
6600 3
6601 3
6602 2
6603 3
6604 3
6605 2
6606 3
6607 3
6608 3
6609 2
6610 3
6611 3
6612 2
6613 3
6614 3
6615 3
6616 2
6617 3
6618 3
6619 2
6620 3
6621 3
6622 3
6623 2
6624 3
6625 3
6626 2
6627 3
6628 3
6629 3
6630 2
6631 3
6632 3
6633 2
6634 3
6635 3
6636 3
6637 2
6638 3
6639 3
6640 2
6641 3
6642 3
6643 3
6644 2
6645 3
6646 3
6647 2
6648 3
6649 3
6650 3
6651 2
6652 3
6653 3
6654 2
6655 3
6656 3
6657 3
6658 2
6659 3
6660 3
6661 2
6662 3
6663 3
6664 3
6665 2
6666 3
6667 3
6668 2
6669 3
6670 3
6671 3
6672 2
6673 3
6674 3
6675 2
6676 3
6677 3
6678 3
6679 2
6680 3
6681 3
6682 2
6683 3
6684 3
6685 3
6686 2
6687 3
6688 3
6689 2
6690 3
6691 3
6692 3
6693 2
6694 3
6695 3
6696 2
6697 3
6698 3
6699 3
6700 2
6701 3
6702 3
6703 2
6704 3
6705 3
6706 3
6707 2
6708 3
6709 3
6710 2
6711 3
6712 3
6713 3
6714 2
6715 3
6716 3
6717 2
6718 3
6719 3
6720 3
6721 2
6722 3
6723 3
6724 2
6725 3
6726 3
6727 3
6728 2
6729 3
6730 3
6731 2
6732 3
6733 3
6734 3
6735 2
6736 3
6737 3
6738 2
6739 3
6740 3
6741 3
6742 2
6743 3
6744 3
6745 2
6746 3
6747 3
6748 3
6749 2
6750 3
6751 3
6752 2
6753 3
6754 3
6755 3
6756 2
6757 3
6758 3
6759 2
6760 3
6761 3
6762 3
6763 2
6764 3
6765 3
6766 2
6767 3
6768 3
6769 3
6770 2
6771 3
6772 3
6773 2
6774 3
6775 3
6776 3
6777 2
6778 3
6779 3
6780 2
6781 3
6782 3
6783 3
6784 2
6785 3
6786 3
6787 2
6788 3
6789 3
6790 3
6791 2
6792 3
6793 3
6794 2
6795 3
6796 3
6797 3
6798 2
6799 3
6800 3
6801 2
6802 3
6803 3
6804 3
6805 2
6806 3
6807 3
6808 2
6809 3
6810 3
6811 3
6812 2
6813 3
6814 3
6815 2
6816 3
6817 3
6818 3
6819 2
6820 3
6821 3
6822 2
6823 3
6824 3
6825 3
6826 2
6827 3
6828 3
6829 2
6830 3
6831 3
6832 3
6833 2
6834 3
6835 3
6836 2
6837 3
6838 3
6839 3
6840 2
6841 3
6842 3
6843 2
6844 3
6845 3
6846 3
6847 2
6848 3
6849 3
6850 2
6851 3
6852 3
6853 3
6854 2
6855 3
6856 3
6857 2
6858 3
6859 3
6860 3
6861 2
6862 3
6863 3
6864 2
6865 3
6866 3
6867 3
6868 2
6869 3
6870 3
6871 2
6872 3
6873 3
6874 3
6875 2
6876 3
6877 3
6878 2
6879 3
6880 3
6881 3
6882 2
6883 3
6884 3
6885 2
6886 3
6887 3
6888 3
6889 2
6890 3
6891 3
6892 2
6893 3
6894 3
6895 3
6896 2
6897 3
6898 3
6899 2
6900 3
6901 3
6902 3
6903 2
6904 3
6905 3
6906 2
6907 3
6908 3
6909 3
6910 2
6911 3
6912 3
6913 2
6914 3
6915 3
6916 3
6917 2
6918 3
6919 3
6920 2
6921 3
6922 3
6923 3
6924 2
6925 3
6926 3
6927 2
6928 3
6929 3
6930 3
6931 2
6932 3
6933 3
6934 2
6935 3
6936 3
6937 3
6938 2
6939 3
6940 3
6941 2
6942 3
6943 3
6944 3
6945 2
6946 3
6947 3
6948 2
6949 3
6950 3
6951 3
6952 2
6953 3
6954 3
6955 2
6956 3
6957 3
6958 3
6959 2
6960 3
6961 3
6962 2
6963 3
6964 3
6965 3
6966 2
6967 3
6968 3
6969 2
6970 3
6971 3
6972 3
6973 2
6974 3
6975 3
6976 2
6977 3
6978 3
6979 3
6980 2
6981 3
6982 3
6983 2
6984 3
6985 3
6986 3
6987 2
6988 3
6989 3
6990 2
6991 3
6992 3
6993 3
6994 2
6995 3
6996 3
6997 2
6998 3
6999 3
7000 3
7001 2
7002 3
7003 3
7004 2
7005 3
7006 3
7007 3
7008 2
7009 3
7010 3
7011 2
7012 3
7013 3
7014 3
7015 2
7016 3
7017 3
7018 2
7019 3
7020 3
7021 3
7022 2
7023 3
7024 3
7025 2
7026 3
7027 3
7028 3
7029 2
7030 3
7031 3
7032 2
7033 3
7034 3
7035 3
7036 2
7037 3
7038 3
7039 2
7040 3
7041 3
7042 3
7043 2
7044 3
7045 3
7046 2
7047 3
7048 3
7049 3
7050 2
7051 3
7052 3
7053 2
7054 3
7055 3
7056 3
7057 2
7058 3
7059 3
7060 2
7061 3
7062 3
7063 3
7064 2
7065 3
7066 3
7067 2
7068 3
7069 3
7070 3
7071 2
7072 3
7073 3
7074 2
7075 3
7076 3
7077 3
7078 2
7079 3
7080 3
7081 2
7082 3
7083 3
7084 3
7085 2
7086 3
7087 3
7088 2
7089 3
7090 3
7091 3
7092 2
7093 3
7094 3
7095 2
7096 3
7097 3
7098 3
7099 2
7100 3
7101 3
7102 2
7103 3
7104 3
7105 3
7106 2
7107 3
7108 3
7109 2
7110 3
7111 3
7112 3
7113 2
7114 3
7115 3
7116 2
7117 3
7118 3
7119 3
7120 2
7121 3
7122 3
7123 2
7124 3
7125 3
7126 3
7127 2
7128 3
7129 3
7130 2
7131 3
7132 3
7133 3
7134 2
7135 3
7136 3
7137 2
7138 3
7139 3
7140 3
7141 2
7142 3
7143 3
7144 2
7145 3
7146 3
7147 3
7148 2
7149 3
7150 3
7151 2
7152 3
7153 3
7154 3
7155 2
7156 3
7157 3
7158 2
7159 3
7160 3
7161 3
7162 2
7163 3
7164 3
7165 2
7166 3
7167 3
7168 3
7169 2
7170 3
7171 3
7172 2
7173 3
7174 3
7175 3
7176 2
7177 3
7178 3
7179 2
7180 3
7181 3
7182 3
7183 2
7184 3
7185 3
7186 2
7187 3
7188 3
7189 3
7190 2
7191 3
7192 3
7193 2
7194 3
7195 3
7196 3
7197 2
7198 3
7199 3
7200 2
7201 3
7202 3
7203 3
7204 2
7205 3
7206 3
7207 2
7208 3
7209 3
7210 3
7211 2
7212 3
7213 3
7214 2
7215 3
7216 3
7217 3
7218 2
7219 3
7220 3
7221 2
7222 3
7223 3
7224 3
7225 2
7226 3
7227 3
7228 2
7229 3
7230 3
7231 3
7232 2
7233 3
7234 3
7235 2
7236 3
7237 3
7238 3
7239 2
7240 3
7241 3
7242 2
7243 3
7244 3
7245 3
7246 2
7247 3
7248 3
7249 2
7250 3
7251 3
7252 3
7253 2
7254 3
7255 3
7256 2
7257 3
7258 3
7259 3
7260 2
7261 3
7262 3
7263 2
7264 3
7265 3
7266 3
7267 2
7268 3
7269 3
7270 2
7271 3
7272 3
7273 3
7274 2
7275 3
7276 3
7277 2
7278 3
7279 3
7280 3
7281 2
7282 3
7283 3
7284 2
7285 3
7286 3
7287 3
7288 2
7289 3
7290 3
7291 2
7292 3
7293 3
7294 3
7295 2
7296 3
7297 3
7298 2
7299 3
7300 3
7301 3
7302 2
7303 3
7304 3
7305 2
7306 3
7307 3
7308 3
7309 2
7310 3
7311 3
7312 2
7313 3
7314 3
7315 3
7316 2
7317 3
7318 3
7319 2
7320 3
7321 3
7322 3
7323 2
7324 3
7325 3
7326 2
7327 3
7328 3
7329 3
7330 2
7331 3
7332 3
7333 2
7334 3
7335 3
7336 3
7337 2
7338 3
7339 3
7340 2
7341 3
7342 3
7343 3
7344 2
7345 3
7346 3
7347 2
7348 3
7349 3
7350 3
7351 2
7352 3
7353 3
7354 2
7355 3
7356 3
7357 3
7358 2
7359 3
7360 3
7361 2
7362 3
7363 3
7364 3
7365 2
7366 3
7367 3
7368 2
7369 3
7370 3
7371 3
7372 2
7373 3
7374 3
7375 2
7376 3
7377 3
7378 3
7379 2
7380 3
7381 3
7382 2
7383 3
7384 3
7385 3
7386 2
7387 3
7388 3
7389 2
7390 3
7391 3
7392 3
7393 2
7394 3
7395 3
7396 2
7397 3
7398 3
7399 3
7400 2
7401 3
7402 3
7403 2
7404 3
7405 3
7406 3
7407 2
7408 3
7409 3
7410 2
7411 3
7412 3
7413 3
7414 2
7415 3
7416 3
7417 2
7418 3
7419 3
7420 3
7421 2
7422 3
7423 3
7424 2
7425 3
7426 3
7427 3
7428 2
7429 3
7430 3
7431 2
7432 3
7433 3
7434 3
7435 2
7436 3
7437 3
7438 2
7439 3
7440 3
7441 3
7442 2
7443 3
7444 3
7445 2
7446 3
7447 3
7448 3
7449 2
7450 3
7451 3
7452 2
7453 3
7454 3
7455 3
7456 2
7457 3
7458 3
7459 2
7460 3
7461 3
7462 3
7463 2
7464 3
7465 3
7466 2
7467 3
7468 3
7469 3
7470 2
7471 3
7472 3
7473 2
7474 3
7475 3
7476 3
7477 2
7478 3
7479 3
7480 2
7481 3
7482 3
7483 3
7484 2
7485 3
7486 3
7487 2
7488 3
7489 3
7490 3
7491 2
7492 3
7493 3
7494 2
7495 3
7496 3
7497 3
7498 2
7499 3
7500 3
7501 2
7502 3
7503 3
7504 3
7505 2
7506 3
7507 3
7508 2
7509 3
7510 3
7511 3
7512 2
7513 3
7514 3
7515 2
7516 3
7517 3
7518 3
7519 2
7520 3
7521 3
7522 2
7523 3
7524 3
7525 3
7526 2
7527 3
7528 3
7529 2
7530 3
7531 3
7532 3
7533 2
7534 3
7535 3
7536 2
7537 3
7538 3
7539 3
7540 2
7541 3
7542 3
7543 2
7544 3
7545 3
7546 3
7547 2
7548 3
7549 3
7550 2
7551 3
7552 3
7553 3
7554 2
7555 3
7556 3
7557 2
7558 3
7559 3
7560 3
7561 2
7562 3
7563 3
7564 2
7565 3
7566 3
7567 3
7568 2
7569 3
7570 3
7571 2
7572 3
7573 3
7574 3
7575 2
7576 3
7577 3
7578 2
7579 3
7580 3
7581 3
7582 2
7583 3
7584 3
7585 2
7586 3
7587 3
7588 3
7589 2
7590 3
7591 3
7592 2
7593 3
7594 3
7595 3
7596 2
7597 3
7598 3
7599 2
7600 3
7601 3
7602 3
7603 2
7604 3
7605 3
7606 2
7607 3
7608 3
7609 3
7610 2
7611 3
7612 3
7613 2
7614 3
7615 3
7616 3
7617 2
7618 3
7619 3
7620 2
7621 3
7622 3
7623 3
7624 2
7625 3
7626 3
7627 2
7628 3
7629 3
7630 3
7631 2
7632 3
7633 3
7634 2
7635 3
7636 3
7637 3
7638 2
7639 3
7640 3
7641 2
7642 3
7643 3
7644 3
7645 2
7646 3
7647 3
7648 2
7649 3
7650 3
7651 3
7652 2
7653 3
7654 3
7655 2
7656 3
7657 3
7658 3
7659 2
7660 3
7661 3
7662 2
7663 3
7664 3
7665 3
7666 2
7667 3
7668 3
7669 2
7670 3
7671 3
7672 3
7673 2
7674 3
7675 3
7676 2
7677 3
7678 3
7679 3
7680 2
7681 3
7682 3
7683 2
7684 3
7685 3
7686 3
7687 2
7688 3
7689 3
7690 2
7691 3
7692 3
7693 3
7694 2
7695 3
7696 3
7697 2
7698 3
7699 3
7700 3
7701 2
7702 3
7703 3
7704 2
7705 3
7706 3
7707 3
7708 2
7709 3
7710 3
7711 2
7712 3
7713 3
7714 3
7715 2
7716 3
7717 3
7718 2
7719 3
7720 3
7721 3
7722 2
7723 3
7724 3
7725 2
7726 3
7727 3
7728 3
7729 2
7730 3
7731 3
7732 2
7733 3
7734 3
7735 3
7736 2
7737 3
7738 3
7739 2
7740 3
7741 3
7742 3
7743 2
7744 3
7745 3
7746 2
7747 3
7748 3
7749 3
7750 2
7751 3
7752 3
7753 2
7754 3
7755 3
7756 3
7757 2
7758 3
7759 3
7760 2
7761 3
7762 3
7763 3
7764 2
7765 3
7766 3
7767 2
7768 3
7769 3
7770 3
7771 2
7772 3
7773 3
7774 2
7775 3
7776 3
7777 3
7778 2
7779 3
7780 3
7781 2
7782 3
7783 3
7784 3
7785 2
7786 3
7787 3
7788 2
7789 3
7790 3
7791 3
7792 2
7793 3
7794 3
7795 2
7796 3
7797 3
7798 3
7799 2
7800 3
7801 3
7802 2
7803 3
7804 3
7805 3
7806 2
7807 3
7808 3
7809 2
7810 3
7811 3
7812 3
7813 2
7814 3
7815 3
7816 2
7817 3
7818 3
7819 3
7820 2
7821 3
7822 3
7823 2
7824 3
7825 3
7826 3
7827 2
7828 3
7829 3
7830 2
7831 3
7832 3
7833 3
7834 2
7835 3
7836 3
7837 2
7838 3
7839 3
7840 3
7841 2
7842 3
7843 3
7844 2
7845 3
7846 3
7847 3
7848 2
7849 3
7850 3
7851 2
7852 3
7853 3
7854 3
7855 2
7856 3
7857 3
7858 2
7859 3
7860 3
7861 3
7862 2
7863 3
7864 3
7865 2
7866 3
7867 3
7868 3
7869 2
7870 3
7871 3
7872 2
7873 3
7874 3
7875 3
7876 2
7877 3
7878 3
7879 2
7880 3
7881 3
7882 3
7883 2
7884 3
7885 3
7886 2
7887 3
7888 3
7889 3
7890 2
7891 3
7892 3
7893 2
7894 3
7895 3
7896 3
7897 2
7898 3
7899 3
7900 2
7901 3
7902 3
7903 3
7904 2
7905 3
7906 3
7907 2
7908 3
7909 3
7910 3
7911 2
7912 3
7913 3
7914 2
7915 3
7916 3
7917 3
7918 2
7919 3
7920 3
7921 2
7922 3
7923 3
7924 3
7925 2
7926 3
7927 3
7928 2
7929 3
7930 3
7931 3
7932 2
7933 3
7934 3
7935 2
7936 3
7937 3
7938 3
7939 2
7940 3
7941 3
7942 2
7943 3
7944 3
7945 3
7946 2
7947 3
7948 3
7949 2
7950 3
7951 3
7952 3
7953 2
7954 3
7955 3
7956 2
7957 3
7958 3
7959 3
7960 2
7961 3
7962 3
7963 2
7964 3
7965 3
7966 3
7967 2
7968 3
7969 3
7970 2
7971 3
7972 3
7973 3
7974 2
7975 3
7976 3
7977 2
7978 3
7979 3
7980 3
7981 2
7982 3
7983 3
7984 2
7985 3
7986 3
7987 3
7988 2
7989 3
7990 3
7991 2
7992 3
7993 3
7994 3
7995 2
7996 3
7997 3
7998 2
7999 3
8000 3
8001 3
8002 2
8003 3
8004 3
8005 2
8006 3
8007 3
8008 3
8009 2
8010 3
8011 3
8012 2
8013 3
8014 3
8015 3
8016 2
8017 3
8018 3
8019 2
8020 3
8021 3
8022 3
8023 2
8024 3
8025 3
8026 2
8027 3
8028 3
8029 3
8030 2
8031 3
8032 3
8033 2
8034 3
8035 3
8036 3
8037 2
8038 3
8039 3
8040 2
8041 3
8042 3
8043 3
8044 2
8045 3
8046 3
8047 2
8048 3
8049 3
8050 3
8051 2
8052 3
8053 3
8054 2
8055 3
8056 3
8057 3
8058 2
8059 3
8060 3
8061 2
8062 3
8063 3
8064 3
8065 2
8066 3
8067 3
8068 2
8069 3
8070 3
8071 3
8072 2
8073 3
8074 3
8075 2
8076 3
8077 3
8078 3
8079 2
8080 3
8081 3
8082 2
8083 3
8084 3
8085 3
8086 2
8087 3
8088 3
8089 2
8090 3
8091 3
8092 3
8093 2
8094 3
8095 3
8096 2
8097 3
8098 3
8099 3
8100 2
8101 3
8102 3
8103 2
8104 3
8105 3
8106 3
8107 2
8108 3
8109 3
8110 2
8111 3
8112 3
8113 3
8114 2
8115 3
8116 3
8117 2
8118 3
8119 3
8120 3
8121 2
8122 3
8123 3
8124 2
8125 3
8126 3
8127 3
8128 2
8129 3
8130 3
8131 2
8132 3
8133 3
8134 3
8135 2
8136 3
8137 3
8138 2
8139 3
8140 3
8141 3
8142 2
8143 3
8144 3
8145 2
8146 3
8147 3
8148 3
8149 2
8150 3
8151 3
8152 2
8153 3
8154 3
8155 3
8156 2
8157 3
8158 3
8159 2
8160 3
8161 3
8162 3
8163 2
8164 3
8165 3
8166 2
8167 3
8168 3
8169 3
8170 2
8171 3
8172 3
8173 2
8174 3
8175 3
8176 3
8177 2
8178 3
8179 3
8180 2
8181 3
8182 3
8183 3
8184 2
8185 3
8186 3
8187 2
8188 3
8189 3
8190 3
8191 2
8192 3
8193 3
8194 2
8195 3
8196 3
8197 3
8198 2
8199 3
8200 3
8201 2
8202 3
8203 3
8204 3
8205 2
8206 3
8207 3
8208 2
8209 3
8210 3
8211 3
8212 2
8213 3
8214 3
8215 2
8216 3
8217 3
8218 3
8219 2
8220 3
8221 3
8222 2
8223 3
8224 3
8225 3
8226 2
8227 3
8228 3
8229 2
8230 3
8231 3
8232 3
8233 2
8234 3
8235 3
8236 2
8237 3
8238 3
8239 3
8240 2
8241 3
8242 3
8243 2
8244 3
8245 3
8246 3
8247 2
8248 3
8249 3
8250 2
8251 3
8252 3
8253 3
8254 2
8255 3
8256 3
8257 2
8258 3
8259 3
8260 3
8261 2
8262 3
8263 3
8264 2
8265 3
8266 3
8267 3
8268 2
8269 3
8270 3
8271 2
8272 3
8273 3
8274 3
8275 2
8276 3
8277 3
8278 2
8279 3
8280 3
8281 3
8282 2
8283 3
8284 3
8285 2
8286 3
8287 3
8288 3
8289 2
8290 3
8291 3
8292 2
8293 3
8294 3
8295 3
8296 2
8297 3
8298 3
8299 2
8300 3
8301 3
8302 3
8303 2
8304 3
8305 3
8306 2
8307 3
8308 3
8309 3
8310 2
8311 3
8312 3
8313 2
8314 3
8315 3
8316 3
8317 2
8318 3
8319 3
8320 2
8321 3
8322 3
8323 3
8324 2
8325 3
8326 3
8327 2
8328 3
8329 3
8330 3
8331 2
8332 3
8333 3
8334 2
8335 3
8336 3
8337 3
8338 2
8339 3
8340 3
8341 2
8342 3
8343 3
8344 3
8345 2
8346 3
8347 3
8348 2
8349 3
8350 3
8351 3
8352 2
8353 3
8354 3
8355 2
8356 3
8357 3
8358 3
8359 2
8360 3
8361 3
8362 2
8363 3
8364 3
8365 3
8366 2
8367 3
8368 3
8369 2
8370 3
8371 3
8372 3
8373 2
8374 3
8375 3
8376 2
8377 3
8378 3
8379 3
8380 2
8381 3
8382 3
8383 2
8384 3
8385 3
8386 3
8387 2
8388 3
8389 3
8390 2
8391 3
8392 3
8393 3
8394 2
8395 3
8396 3
8397 2
8398 3
8399 3
8400 3
8401 2
8402 3
8403 3
8404 2
8405 3
8406 3
8407 3
8408 2
8409 3
8410 3
8411 2
8412 3
8413 3
8414 3
8415 2
8416 3
8417 3
8418 2
8419 3
8420 3
8421 3
8422 2
8423 3
8424 3
8425 2
8426 3
8427 3
8428 3
8429 2
8430 3
8431 3
8432 2
8433 3
8434 3
8435 3
8436 2
8437 3
8438 3
8439 2
8440 3
8441 3
8442 3
8443 2
8444 3
8445 3
8446 2
8447 3
8448 3
8449 3
8450 2
8451 3
8452 3
8453 2
8454 3
8455 3
8456 3
8457 2
8458 3
8459 3
8460 2
8461 3
8462 3
8463 3
8464 2
8465 3
8466 3
8467 2
8468 3
8469 3
8470 3
8471 2
8472 3
8473 3
8474 2
8475 3
8476 3
8477 3
8478 2
8479 3
8480 3
8481 2
8482 3
8483 3
8484 3
8485 2
8486 3
8487 3
8488 2
8489 3
8490 3
8491 3
8492 2
8493 3
8494 3
8495 2
8496 3
8497 3
8498 3
8499 2
8500 3
8501 3
8502 2
8503 3
8504 3
8505 3
8506 2
8507 3
8508 3
8509 2
8510 3
8511 3
8512 3
8513 2
8514 3
8515 3
8516 2
8517 3
8518 3
8519 3
8520 2
8521 3
8522 3
8523 2
8524 3
8525 3
8526 3
8527 2
8528 3
8529 3
8530 2
8531 3
8532 3
8533 3
8534 2
8535 3
8536 3
8537 2
8538 3
8539 3
8540 3
8541 2
8542 3
8543 3
8544 2
8545 3
8546 3
8547 3
8548 2
8549 3
8550 3
8551 2
8552 3
8553 3
8554 3
8555 2
8556 3
8557 3
8558 2
8559 3
8560 3
8561 3
8562 2
8563 3
8564 3
8565 2
8566 3
8567 3
8568 3
8569 2
8570 3
8571 3
8572 2
8573 3
8574 3
8575 3
8576 2
8577 3
8578 3
8579 2
8580 3
8581 3
8582 3
8583 2
8584 3
8585 3
8586 2
8587 3
8588 3
8589 3
8590 2
8591 3
8592 3
8593 2
8594 3
8595 3
8596 3
8597 2
8598 3
8599 3
8600 2
8601 3
8602 3
8603 3
8604 2
8605 3
8606 3
8607 2
8608 3
8609 3
8610 3
8611 2
8612 3
8613 3
8614 2
8615 3
8616 3
8617 3
8618 2
8619 3
8620 3
8621 2
8622 3
8623 3
8624 3
8625 2
8626 3
8627 3
8628 2
8629 3
8630 3
8631 3
8632 2
8633 3
8634 3
8635 2
8636 3
8637 3
8638 3
8639 2
8640 3
8641 3
8642 2
8643 3
8644 3
8645 3
8646 2
8647 3
8648 3
8649 2
8650 3
8651 3
8652 3
8653 2
8654 3
8655 3
8656 2
8657 3
8658 3
8659 3
8660 2
8661 3
8662 3
8663 2
8664 3
8665 3
8666 3
8667 2
8668 3
8669 3
8670 2
8671 3
8672 3
8673 3
8674 2
8675 3
8676 3
8677 2
8678 3
8679 3
8680 3
8681 2
8682 3
8683 3
8684 2
8685 3
8686 3
8687 3
8688 2
8689 3
8690 3
8691 2
8692 3
8693 3
8694 3
8695 2
8696 3
8697 3
8698 2
8699 3
8700 3
8701 3
8702 2
8703 3
8704 3
8705 2
8706 3
8707 3
8708 3
8709 2
8710 3
8711 3
8712 2
8713 3
8714 3
8715 3
8716 2
8717 3
8718 3
8719 2
8720 3
8721 3
8722 3
8723 2
8724 3
8725 3
8726 2
8727 3
8728 3
8729 3
8730 2
8731 3
8732 3
8733 2
8734 3
8735 3
8736 3
8737 2
8738 3
8739 3
8740 2
8741 3
8742 3
8743 3
8744 2
8745 3
8746 3
8747 2
8748 3
8749 3
8750 3
8751 2
8752 3
8753 3
8754 2
8755 3
8756 3
8757 3
8758 2
8759 3
8760 3
8761 2
8762 3
8763 3
8764 3
8765 2
8766 3
8767 3
8768 2
8769 3
8770 3
8771 3
8772 2
8773 3
8774 3
8775 2
8776 3
8777 3
8778 3
8779 2
8780 3
8781 3
8782 2
8783 3
8784 3
8785 3
8786 2
8787 3
8788 3
8789 2
8790 3
8791 3
8792 3
8793 2
8794 3
8795 3
8796 2
8797 3
8798 3
8799 3
8800 2
8801 3
8802 3
8803 2
8804 3
8805 3
8806 3
8807 2
8808 3
8809 3
8810 2
8811 3
8812 3
8813 3
8814 2
8815 3
8816 3
8817 2
8818 3
8819 3
8820 3
8821 2
8822 3
8823 3
8824 2
8825 3
8826 3
8827 3
8828 2
8829 3
8830 3
8831 2
8832 3
8833 3
8834 3
8835 2
8836 3
8837 3
8838 2
8839 3
8840 3
8841 3
8842 2
8843 3
8844 3
8845 2
8846 3
8847 3
8848 3
8849 2
8850 3
8851 3
8852 2
8853 3
8854 3
8855 3
8856 2
8857 3
8858 3
8859 2
8860 3
8861 3
8862 3
8863 2
8864 3
8865 3
8866 2
8867 3
8868 3
8869 3
8870 2
8871 3
8872 3
8873 2
8874 3
8875 3
8876 3
8877 2
8878 3
8879 3
8880 2
8881 3
8882 3
8883 3
8884 2
8885 3
8886 3
8887 2
8888 3
8889 3
8890 3
8891 2
8892 3
8893 3
8894 2
8895 3
8896 3
8897 3
8898 2
8899 3
8900 3
8901 2
8902 3
8903 3
8904 3
8905 2
8906 3
8907 3
8908 2
8909 3
8910 3
8911 3
8912 2
8913 3
8914 3
8915 2
8916 3
8917 3
8918 3
8919 2
8920 3
8921 3
8922 2
8923 3
8924 3
8925 3
8926 2
8927 3
8928 3
8929 2
8930 3
8931 3
8932 3
8933 2
8934 3
8935 3
8936 2
8937 3
8938 3
8939 3
8940 2
8941 3
8942 3
8943 2
8944 3
8945 3
8946 3
8947 2
8948 3
8949 3
8950 2
8951 3
8952 3
8953 3
8954 2
8955 3
8956 3
8957 2
8958 3
8959 3
8960 3
8961 2
8962 3
8963 3
8964 2
8965 3
8966 3
8967 3
8968 2
8969 3
8970 3
8971 2
8972 3
8973 3
8974 3
8975 2
8976 3
8977 3
8978 2
8979 3
8980 3
8981 3
8982 2
8983 3
8984 3
8985 2
8986 3
8987 3
8988 3
8989 2
8990 3
8991 3
8992 2
8993 3
8994 3
8995 3
8996 2
8997 3
8998 3
8999 2
9000 3
9001 3
9002 3
9003 2
9004 3
9005 3
9006 2
9007 3
9008 3
9009 3
9010 2
9011 3
9012 3
9013 2
9014 3
9015 3
9016 3
9017 2
9018 3
9019 3
9020 2
9021 3
9022 3
9023 3
9024 2
9025 3
9026 3
9027 2
9028 3
9029 3
9030 3
9031 2
9032 3
9033 3
9034 2
9035 3
9036 3
9037 3
9038 2
9039 3
9040 3
9041 2
9042 3
9043 3
9044 3
9045 2
9046 3
9047 3
9048 2
9049 3
9050 3
9051 3
9052 2
9053 3
9054 3
9055 2
9056 3
9057 3
9058 3
9059 2
9060 3
9061 3
9062 2
9063 3
9064 3
9065 3
9066 2
9067 3
9068 3
9069 2
9070 3
9071 3
9072 3
9073 2
9074 3
9075 3
9076 2
9077 3
9078 3
9079 3
9080 2
9081 3
9082 3
9083 2
9084 3
9085 3
9086 3
9087 2
9088 3
9089 3
9090 2
9091 3
9092 3
9093 3
9094 2
9095 3
9096 3
9097 2
9098 3
9099 3
9100 3
9101 2
9102 3
9103 3
9104 2
9105 3
9106 3
9107 3
9108 2
9109 3
9110 3
9111 2
9112 3
9113 3
9114 3
9115 2
9116 3
9117 3
9118 2
9119 3
9120 3
9121 3
9122 2
9123 3
9124 3
9125 2
9126 3
9127 3
9128 3
9129 2
9130 3
9131 3
9132 2
9133 3
9134 3
9135 3
9136 2
9137 3
9138 3
9139 2
9140 3
9141 3
9142 3
9143 2
9144 3
9145 3
9146 2
9147 3
9148 3
9149 3
9150 2
9151 3
9152 3
9153 2
9154 3
9155 3
9156 3
9157 2
9158 3
9159 3
9160 2
9161 3
9162 3
9163 3
9164 2
9165 3
9166 3
9167 2
9168 3
9169 3
9170 3
9171 2
9172 3
9173 3
9174 2
9175 3
9176 3
9177 3
9178 2
9179 3
9180 3
9181 2
9182 3
9183 3
9184 3
9185 2
9186 3
9187 3
9188 2
9189 3
9190 3
9191 3
9192 2
9193 3
9194 3
9195 2
9196 3
9197 3
9198 3
9199 2
9200 3
9201 3
9202 2
9203 3
9204 3
9205 3
9206 2
9207 3
9208 3
9209 2
9210 3
9211 3
9212 3
9213 2
9214 3
9215 3
9216 2
9217 3
9218 3
9219 3
9220 2
9221 3
9222 3
9223 2
9224 3
9225 3
9226 3
9227 2
9228 3
9229 3
9230 2
9231 3
9232 3
9233 3
9234 2
9235 3
9236 3
9237 2
9238 3
9239 3
9240 3
9241 2
9242 3
9243 3
9244 2
9245 3
9246 3
9247 3
9248 2
9249 3
9250 3
9251 2
9252 3
9253 3
9254 3
9255 2
9256 3
9257 3
9258 2
9259 3
9260 3
9261 3
9262 2
9263 3
9264 3
9265 2
9266 3
9267 3
9268 3
9269 2
9270 3
9271 3
9272 2
9273 3
9274 3
9275 3
9276 2
9277 3
9278 3
9279 2
9280 3
9281 3
9282 3
9283 2
9284 3
9285 3
9286 2
9287 3
9288 3
9289 3
9290 2
9291 3
9292 3
9293 2
9294 3
9295 3
9296 3
9297 2
9298 3
9299 3
9300 2
9301 3
9302 3
9303 3
9304 2
9305 3
9306 3
9307 2
9308 3
9309 3
9310 3
9311 2
9312 3
9313 3
9314 2
9315 3
9316 3
9317 3
9318 2
9319 3
9320 3
9321 2
9322 3
9323 3
9324 3
9325 2
9326 3
9327 3
9328 2
9329 3
9330 3
9331 3
9332 2
9333 3
9334 3
9335 2
9336 3
9337 3
9338 3
9339 2
9340 3
9341 3
9342 2
9343 3
9344 3
9345 3
9346 2
9347 3
9348 3
9349 2
9350 3
9351 3
9352 3
9353 2
9354 3
9355 3
9356 2
9357 3
9358 3
9359 3
9360 2
9361 3
9362 3
9363 2
9364 3
9365 3
9366 3
9367 2
9368 3
9369 3
9370 2
9371 3
9372 3
9373 3
9374 2
9375 3
9376 3
9377 2
9378 3
9379 3
9380 3
9381 2
9382 3
9383 3
9384 2
9385 3
9386 3
9387 3
9388 2
9389 3
9390 3
9391 2
9392 3
9393 3
9394 3
9395 2
9396 3
9397 3
9398 2
9399 3
9400 3
9401 3
9402 2
9403 3
9404 3
9405 2
9406 3
9407 3
9408 3
9409 2
9410 3
9411 3
9412 2
9413 3
9414 3
9415 3
9416 2
9417 3
9418 3
9419 2
9420 3
9421 3
9422 3
9423 2
9424 3
9425 3
9426 2
9427 3
9428 3
9429 3
9430 2
9431 3
9432 3
9433 2
9434 3
9435 3
9436 3
9437 2
9438 3
9439 3
9440 2
9441 3
9442 3
9443 3
9444 2
9445 3
9446 3
9447 2
9448 3
9449 3
9450 3
9451 2
9452 3
9453 3
9454 2
9455 3
9456 3
9457 3
9458 2
9459 3
9460 3
9461 2
9462 3
9463 3
9464 3
9465 2
9466 3
9467 3
9468 2
9469 3
9470 3
9471 3
9472 2
9473 3
9474 3
9475 2
9476 3
9477 3
9478 3
9479 2
9480 3
9481 3
9482 2
9483 3
9484 3
9485 3
9486 2
9487 3
9488 3
9489 2
9490 3
9491 3
9492 3
9493 2
9494 3
9495 3
9496 2
9497 3
9498 3
9499 3
9500 2
9501 3
9502 3
9503 2
9504 3
9505 3
9506 3
9507 2
9508 3
9509 3
9510 2
9511 3
9512 3
9513 3
9514 2
9515 3
9516 3
9517 2
9518 3
9519 3
9520 3
9521 2
9522 3
9523 3
9524 2
9525 3
9526 3
9527 3
9528 2
9529 3
9530 3
9531 2
9532 3
9533 3
9534 3
9535 2
9536 3
9537 3
9538 2
9539 3
9540 3
9541 3
9542 2
9543 3
9544 3
9545 2
9546 3
9547 3
9548 3
9549 2
9550 3
9551 3
9552 2
9553 3
9554 3
9555 3
9556 2
9557 3
9558 3
9559 2
9560 3
9561 3
9562 3
9563 2
9564 3
9565 3
9566 2
9567 3
9568 3
9569 3
9570 2
9571 3
9572 3
9573 2
9574 3
9575 3
9576 3
9577 2
9578 3
9579 3
9580 2
9581 3
9582 3
9583 3
9584 2
9585 3
9586 3
9587 2
9588 3
9589 3
9590 3
9591 2
9592 3
9593 3
9594 2
9595 3
9596 3
9597 3
9598 2
9599 3
9600 3
9601 2
9602 3
9603 3
9604 3
9605 2
9606 3
9607 3
9608 2
9609 3
9610 3
9611 3
9612 2
9613 3
9614 3
9615 2
9616 3
9617 3
9618 3
9619 2
9620 3
9621 3
9622 2
9623 3
9624 3
9625 3
9626 2
9627 3
9628 3
9629 2
9630 3
9631 3
9632 3
9633 2
9634 3
9635 3
9636 2
9637 3
9638 3
9639 3
9640 2
9641 3
9642 3
9643 2
9644 3
9645 3
9646 3
9647 2
9648 3
9649 3
9650 2
9651 3
9652 3
9653 3
9654 2
9655 3
9656 3
9657 2
9658 3
9659 3
9660 3
9661 2
9662 3
9663 3
9664 2
9665 3
9666 3
9667 3
9668 2
9669 3
9670 3
9671 2
9672 3
9673 3
9674 3
9675 2
9676 3
9677 3
9678 2
9679 3
9680 3
9681 3
9682 2
9683 3
9684 3
9685 2
9686 3
9687 3
9688 3
9689 2
9690 3
9691 3
9692 2
9693 3
9694 3
9695 3
9696 2
9697 3
9698 3
9699 2
9700 3
9701 3
9702 3
9703 2
9704 3
9705 3
9706 2
9707 3
9708 3
9709 3
9710 2
9711 3
9712 3
9713 2
9714 3
9715 3
9716 3
9717 2
9718 3
9719 3
9720 2
9721 3
9722 3
9723 3
9724 2
9725 3
9726 3
9727 2
9728 3
9729 3
9730 3
9731 2
9732 3
9733 3
9734 2
9735 3
9736 3
9737 3
9738 2
9739 3
9740 3
9741 2
9742 3
9743 3
9744 3
9745 2
9746 3
9747 3
9748 2
9749 3
9750 3
9751 3
9752 2
9753 3
9754 3
9755 2
9756 3
9757 3
9758 3
9759 2
9760 3
9761 3
9762 2
9763 3
9764 3
9765 3
9766 2
9767 3
9768 3
9769 2
9770 3
9771 3
9772 3
9773 2
9774 3
9775 3
9776 2
9777 3
9778 3
9779 3
9780 2
9781 3
9782 3
9783 2
9784 3
9785 3
9786 3
9787 2
9788 3
9789 3
9790 2
9791 3
9792 3
9793 3
9794 2
9795 3
9796 3
9797 2
9798 3
9799 3
9800 3
9801 2
9802 3
9803 3
9804 2
9805 3
9806 3
9807 3
9808 2
9809 3
9810 3
9811 2
9812 3
9813 3
9814 3
9815 2
9816 3
9817 3
9818 2
9819 3
9820 3
9821 3
9822 2
9823 3
9824 3
9825 2
9826 3
9827 3
9828 3
9829 2
9830 3
9831 3
9832 2
9833 3
9834 3
9835 3
9836 2
9837 3
9838 3
9839 2
9840 3
9841 3
9842 3
9843 2
9844 3
9845 3
9846 2
9847 3
9848 3
9849 3
9850 2
9851 3
9852 3
9853 2
9854 3
9855 3
9856 3
9857 2
9858 3
9859 3
9860 2
9861 3
9862 3
9863 3
9864 2
9865 3
9866 3
9867 2
9868 3
9869 3
9870 3
9871 2
9872 3
9873 3
9874 2
9875 3
9876 3
9877 3
9878 2
9879 3
9880 3
9881 2
9882 3
9883 3
9884 3
9885 2
9886 3
9887 3
9888 2
9889 3
9890 3
9891 3
9892 2
9893 3
9894 3
9895 2
9896 3
9897 3
9898 3
9899 2
9900 3
9901 3
9902 2
9903 3
9904 3
9905 3
9906 2
9907 3
9908 3
9909 2
9910 3
9911 3
9912 3
9913 2
9914 3
9915 3
9916 2
9917 3
9918 3
9919 3
9920 2
9921 3
9922 3
9923 2
9924 3
9925 3
9926 3
9927 2
9928 3
9929 3
9930 2
9931 3
9932 3
9933 3
9934 2
9935 3
9936 3
9937 2
9938 3
9939 3
9940 3
9941 2
9942 3
9943 3
9944 2
9945 3
9946 3
9947 3
9948 2
9949 3
9950 3
9951 2
9952 3
9953 3
9954 3
9955 2
9956 3
9957 3
9958 2
9959 3
9960 3
9961 3
9962 2
9963 3
9964 3
9965 2
9966 3
9967 3
9968 3
9969 2
9970 3
9971 3
9972 2
9973 3
9974 3
9975 3
9976 2
9977 3
9978 3
9979 2
9980 3
9981 3
9982 3
9983 2
9984 3
9985 3
9986 2
9987 3
9988 3
9989 3
9990 2
9991 3
9992 3
9993 2
9994 3
9995 3
9996 3
9997 2
9998 3
9999 3
10000 2
