1 2
2 3
3 3
4 2
5 3
6 3
7 3
8 2
9 3
10 3
11 2
12 3
13 3
14 3
15 2
16 3
17 3
18 2
19 3
20 3
21 3
22 2
23 3
24 3
25 2
26 3
27 3
28 3
29 2
30 3
31 3
32 2
33 3
34 3
35 3
36 2
37 3
38 3
39 3
40 2
41 3
42 3
43 2
44 3
45 3
46 3
47 2
48 3
49 3
50 2
51 3
52 3
53 3
54 2
55 3
56 3
57 2
58 3
59 3
60 3
61 2
62 3
63 3
64 2
65 3
66 3
67 3
68 2
69 3
70 3
71 2
72 3
73 3
74 3
75 2
76 3
77 3
78 3
79 2
80 3
81 3
82 2
83 3
84 3
85 3
86 2
87 3
88 3
89 2
90 3
91 3
92 3
93 2
94 3
95 3
96 2
97 3
98 3
99 3
100 2
101 3
102 3
103 2
104 3
105 3
106 3
107 2
108 3
109 3
110 3
111 2
112 3
113 3
114 2
115 3
116 3
117 3
118 2
119 3
120 3
121 2
122 3
123 3
124 3
125 2
126 3
127 3
128 2
129 3
130 3
131 3
132 2
133 3
134 3
135 2
136 3
137 3
138 3
139 2
140 3
141 3
142 2
143 3
144 3
145 3
146 2
147 3
148 3
149 3
150 2
151 3
152 3
153 2
154 3
155 3
156 3
157 2
158 3
159 3
160 2
161 3
162 3
163 3
164 2
165 3
166 3
167 2
168 3
169 3
170 3
171 2
172 3
173 3
174 2
175 3
176 3
177 3
178 2
179 3
180 3
181 3
182 2
183 3
184 3
185 2
186 3
187 3
188 3
189 2
190 3
191 3
192 2
193 3
194 3
195 3
196 2
197 3
198 3
199 2
200 3
201 3
202 3
203 2
204 3
205 3
206 2
207 3
208 3
209 3
210 2
211 3
212 3
213 2
214 3
215 3
216 3
217 2
218 3
219 3
220 3
221 2
222 3
223 3
224 2
225 3
226 3
227 3
228 2
229 3
230 3
231 2
232 3
233 3
234 3
235 2
236 3
237 3
238 2
239 3
240 3
241 3
242 2
243 3
244 3
245 2
246 3
247 3
248 3
249 2
250 3
251 3
252 3
253 2
254 3
255 3
256 2
257 3
258 3
259 3
260 2
261 3
262 3
263 2
264 3
265 3
266 3
267 2
268 3
269 3
270 2
271 3
272 3
273 3
274 2
275 3
276 3
277 2
278 3
279 3
280 3
281 2
282 3
283 3
284 2
285 3
286 3
287 3
288 2
289 3
290 3
291 3
292 2
293 3
294 3
295 2
296 3
297 3
298 3
299 2
300 3
301 3
302 2
303 3
304 3
305 3
306 2
307 3
308 3
309 2
310 3
311 3
312 3
313 2
314 3
315 3
316 2
317 3
318 3
319 3
320 2
321 3
322 3
323 3
324 2
325 3
326 3
327 2
328 3
329 3
330 3
331 2
332 3
333 3
334 2
335 3
336 3
337 3
338 2
339 3
340 3
341 2
342 3
343 3
344 3
345 2
346 3
347 3
348 2
349 3
350 3
351 3
352 2
353 3
354 3
355 2
356 3
357 3
358 3
359 2
360 3
361 3
362 3
363 2
364 3
365 3
366 2
367 3
368 3
369 3
370 2
371 3
372 3
373 2
374 3
375 3
376 3
377 2
378 3
379 3
380 2
381 3
382 3
383 3
384 2
385 3
386 3
387 2
388 3
389 3
390 3
391 2
392 3
393 3
394 3
395 2
396 3
397 3
398 2
399 3
400 3
401 3
402 2
403 3
404 3
405 2
406 3
407 3
408 3
409 2
410 3
411 3
412 2
413 3
414 3
415 3
416 2
417 3
418 3
419 2
420 3
421 3
422 3
423 2
424 3
425 3
426 2
427 3
428 3
429 3
430 2
431 3
432 3
433 3
434 2
435 3
436 3
437 2
438 3
439 3
440 3
441 2
442 3
443 3
444 2
445 3
446 3
447 3
448 2
449 3
450 3
451 2
452 3
453 3
454 3
455 2
456 3
457 3
458 2
459 3
460 3
461 3
462 2
463 3
464 3
465 3
466 2
467 3
468 3
469 2
470 3
471 3
472 3
473 2
474 3
475 3
476 2
477 3
478 3
479 3
480 2
481 3
482 3
483 2
484 3
485 3
486 3
487 2
488 3
489 3
490 2
491 3
492 3
493 3
494 2
495 3
496 3
497 2
498 3
499 3
500 3
501 2
502 3
503 3
504 3
505 2
506 3
507 3
508 2
509 3
510 3
511 3
512 2
513 3
514 3
515 2
516 3
517 3
518 3
519 2
520 3
521 3
522 2
523 3
524 3
525 3
526 2
527 3
528 3
529 2
530 3
531 3
532 3
533 2
534 3
535 3
536 2
537 3
538 3
539 3
540 2
541 3
542 3
543 3
544 2
545 3
546 3
547 2
548 3
549 3
550 3
551 2
552 3
553 3
554 2
555 3
556 3
557 3
558 2
559 3
560 3
561 2
562 3
563 3
564 3
565 2
566 3
567 3
568 2
569 3
570 3
571 3
572 2
573 3
574 3
575 3
576 2
577 3
578 3
579 2
580 3
581 3
582 3
583 2
584 3
585 3
586 2
587 3
588 3
589 3
590 2
591 3
592 3
593 2
594 3
595 3
596 3
597 2
598 3
599 3
600 2
601 3
602 3
603 3
604 2
605 3
606 3
607 2
608 3
609 3
610 3
611 2
612 3
613 3
614 3
615 2
616 3
617 3
618 2
619 3
620 3
621 3
622 2
623 3
624 3
625 2
626 3
627 3
628 3
629 2
630 3
631 3
632 2
633 3
634 3
635 3
636 2
637 3
638 3
639 2
640 3
641 3
642 3
643 2
644 3
645 3
646 3
647 2
648 3
649 3
650 2
651 3
652 3
653 3
654 2
655 3
656 3
657 2
658 3
659 3
660 3
661 2
662 3
663 3
664 2
665 3
666 3
667 3
668 2
669 3
670 3
671 2
672 3
673 3
674 3
675 2
676 3
677 3
678 2
679 3
680 3
681 3
682 2
683 3
684 3
685 3
686 2
687 3
688 3
689 2
690 3
691 3
692 3
693 2
694 3
695 3
696 2
697 3
698 3
699 3
700 2
701 3
702 3
703 2
704 3
705 3
706 3
707 2
708 3
709 3
710 2
711 3
712 3
713 3
714 2
715 3
716 3
717 3
718 2
719 3
720 3
721 2
722 3
723 3
724 3
725 2
726 3
727 3
728 2
729 3
730 3
731 3
732 2
733 3
734 3
735 2
736 3
737 3
738 3
739 2
740 3
741 3
742 2
743 3
744 3
745 3
746 2
747 3
748 3
749 2
750 3
751 3
752 3
753 2
754 3
755 3
756 3
757 2
758 3
759 3
760 2
761 3
762 3
763 3
764 2
765 3
766 3
767 2
768 3
769 3
770 3
771 2
772 3
773 3
774 2
775 3
776 3
777 3
778 2
779 3
780 3
781 2
782 3
783 3
784 3
785 2
786 3
787 3
788 3
789 2
790 3
791 3
792 2
793 3
794 3
795 3
796 2
797 3
798 3
799 2
800 3
801 3
802 3
803 2
804 3
805 3
806 2
807 3
808 3
809 3
810 2
811 3
812 3
813 2
814 3
815 3
816 3
817 2
818 3
819 3
820 2
821 3
822 3
823 3
824 2
825 3
826 3
827 3
828 2
829 3
830 3
831 2
832 3
833 3
834 3
835 2
836 3
837 3
838 2
839 3
840 3
841 3
842 2
843 3
844 3
845 2
846 3
847 3
848 3
849 2
850 3
851 3
852 2
853 3
854 3
855 3
856 2
857 3
858 3
859 3
860 2
861 3
862 3
863 2
864 3
865 3
866 3
867 2
868 3
869 3
870 2
871 3
872 3
873 3
874 2
875 3
876 3
877 2
878 3
879 3
880 3
881 2
882 3
883 3
884 2
885 3
886 3
887 3
888 2
889 3
890 3
891 2
892 3
893 3
894 3
895 2
896 3
897 3
898 3
899 2
900 3
901 3
902 2
903 3
904 3
905 3
906 2
907 3
908 3
909 2
910 3
911 3
912 3
913 2
914 3
915 3
916 2
917 3
918 3
919 3
920 2
921 3
922 3
923 2
924 3
925 3
926 3
927 2
928 3
929 3
930 3
931 2
932 3
933 3
934 2
935 3
936 3
937 3
938 2
939 3
940 3
941 2
942 3
943 3
944 3
945 2
946 3
947 3
948 2
949 3
950 3
951 3
952 2
953 3
954 3
955 2
956 3
957 3
958 3
959 2
960 3
961 3
962 2
963 3
964 3
965 3
966 2
967 3
968 3
969 3
970 2
971 3
972 3
973 2
974 3
975 3
976 3
977 2
978 3
979 3
980 2
981 3
982 3
983 3
984 2
985 3
986 3
987 2
988 3
989 3
990 3
991 2
992 3
993 3
994 2
995 3
996 3
997 3
998 2
999 3
1000 3
1001 3
1002 2
1003 3
1004 3
1005 2
1006 3
1007 3
1008 3
1009 2
1010 3
1011 3
1012 2
1013 3
1014 3
1015 3
1016 2
1017 3
1018 3
1019 2
1020 3
1021 3
1022 3
1023 2
1024 3
1025 3
1026 2
1027 3
1028 3
1029 3
1030 2
1031 3
1032 3
1033 2
1034 3
1035 3
1036 3
1037 2
1038 3
1039 3
1040 3
1041 2
1042 3
1043 3
1044 2
1045 3
1046 3
1047 3
1048 2
1049 3
1050 3
1051 2
1052 3
1053 3
1054 3
1055 2
1056 3
1057 3
1058 2
1059 3
1060 3
1061 3
1062 2
1063 3
1064 3
1065 2
1066 3
1067 3
1068 3
1069 2
1070 3
1071 3
1072 2
1073 3
1074 3
1075 3
1076 2
1077 3
1078 3
1079 3
1080 2
1081 3
1082 3
1083 2
1084 3
1085 3
1086 3
1087 2
1088 3
1089 3
1090 2
1091 3
1092 3
1093 3
1094 2
1095 3
1096 3
1097 2
1098 3
1099 3
1100 3
1101 2
1102 3
1103 3
1104 2
1105 3
1106 3
1107 3
1108 2
1109 3
1110 3
1111 3
1112 2
1113 3
1114 3
1115 2
1116 3
1117 3
1118 3
1119 2
1120 3
1121 3
1122 2
1123 3
1124 3
1125 3
1126 2
1127 3
1128 3
1129 2
1130 3
1131 3
1132 3
1133 2
1134 3
1135 3
1136 2
1137 3
1138 3
1139 3
1140 2
1141 3
1142 3
1143 2
1144 3
1145 3
1146 3
1147 2
1148 3
1149 3
1150 3
1151 2
1152 3
1153 3
1154 2
1155 3
1156 3
1157 3
1158 2
1159 3
1160 3
1161 2
1162 3
1163 3
1164 3
1165 2
1166 3
1167 3
1168 2
1169 3
1170 3
1171 3
1172 2
1173 3
1174 3
1175 2
1176 3
1177 3
1178 3
1179 2
1180 3
1181 3
1182 3
1183 2
1184 3
1185 3
1186 2
1187 3
1188 3
1189 3
1190 2
1191 3
1192 3
1193 2
1194 3
1195 3
1196 3
1197 2
1198 3
1199 3
1200 2
1201 3
1202 3
1203 3
1204 2
1205 3
1206 3
1207 2
1208 3
1209 3
1210 3
1211 2
1212 3
1213 3
1214 2
1215 3
1216 3
1217 3
1218 2
1219 3
1220 3
1221 3
1222 2
1223 3
1224 3
1225 2
1226 3
1227 3
1228 3
1229 2
1230 3
1231 3
1232 2
1233 3
1234 3
1235 3
1236 2
1237 3
1238 3
1239 2
1240 3
1241 3
1242 3
1243 2
1244 3
1245 3
1246 2
1247 3
1248 3
1249 3
1250 2
1251 3
1252 3
1253 3
1254 2
1255 3
1256 3
1257 2
1258 3
1259 3
1260 3
1261 2
1262 3
1263 3
1264 2
1265 3
1266 3
1267 3
1268 2
1269 3
1270 3
1271 2
1272 3
1273 3
1274 3
1275 2
1276 3
1277 3
1278 2
1279 3
1280 3
1281 3
1282 2
1283 3
1284 3
1285 2
1286 3
1287 3
1288 3
1289 2
1290 3
1291 3
1292 3
1293 2
1294 3
1295 3
1296 2
1297 3
1298 3
1299 3
1300 2
1301 3
1302 3
1303 2
1304 3
1305 3
1306 3
1307 2
1308 3
1309 3
1310 2
1311 3
1312 3
1313 3
1314 2
1315 3
1316 3
1317 2
1318 3
1319 3
1320 3
1321 2
1322 3
1323 3
1324 3
1325 2
1326 3
1327 3
1328 2
1329 3
1330 3
1331 3
1332 2
1333 3
1334 3
1335 2
1336 3
1337 3
1338 3
1339 2
1340 3
1341 3
1342 2
1343 3
1344 3
1345 3
1346 2
1347 3
1348 3
1349 2
1350 3
1351 3
1352 3
1353 2
1354 3
1355 3
1356 2
1357 3
1358 3
1359 3
1360 2
1361 3
1362 3
1363 3
1364 2
1365 3
1366 3
1367 2
1368 3
1369 3
1370 3
1371 2
1372 3
1373 3
1374 2
1375 3
1376 3
1377 3
1378 2
1379 3
1380 3
1381 2
1382 3
1383 3
1384 3
1385 2
1386 3
1387 3
1388 2
1389 3
1390 3
1391 3
1392 2
1393 3
1394 3
1395 3
1396 2
1397 3
1398 3
1399 2
1400 3
1401 3
1402 3
1403 2
1404 3
1405 3
1406 2
1407 3
1408 3
1409 3
1410 2
1411 3
1412 3
1413 2
1414 3
1415 3
1416 3
1417 2
1418 3
1419 3
1420 2
1421 3
1422 3
1423 3
1424 2
1425 3
1426 3
1427 2
1428 3
1429 3
1430 3
1431 2
1432 3
1433 3
1434 3
1435 2
1436 3
1437 3
1438 2
1439 3
1440 3
1441 3
1442 2
1443 3
1444 3
1445 2
1446 3
1447 3
1448 3
1449 2
1450 3
1451 3
1452 2
1453 3
1454 3
1455 3
1456 2
1457 3
1458 3
1459 2
1460 3
1461 3
1462 3
1463 2
1464 3
1465 3
1466 3
1467 2
1468 3
1469 3
1470 2
1471 3
1472 3
1473 3
1474 2
1475 3
1476 3
1477 2
1478 3
1479 3
1480 3
1481 2
1482 3
1483 3
1484 2
1485 3
1486 3
1487 3
1488 2
1489 3
1490 3
1491 2
1492 3
1493 3
1494 3
1495 2
1496 3
1497 3
1498 2
1499 3
1500 3
1501 3
1502 2
1503 3
1504 3
1505 3
1506 2
1507 3
1508 3
1509 2
1510 3
1511 3
1512 3
1513 2
1514 3
1515 3
1516 2
1517 3
1518 3
1519 3
1520 2
1521 3
1522 3
1523 2
1524 3
1525 3
1526 3
1527 2
1528 3
1529 3
1530 2
1531 3
1532 3
1533 3
1534 2
1535 3
1536 3
1537 2
1538 3
1539 3
1540 3
1541 2
1542 3
1543 3
1544 3
1545 2
1546 3
1547 3
1548 2
1549 3
1550 3
1551 3
1552 2
1553 3
1554 3
1555 2
1556 3
1557 3
1558 3
1559 2
1560 3
1561 3
1562 2
1563 3
1564 3
1565 3
1566 2
1567 3
1568 3
1569 2
1570 3
1571 3
1572 3
1573 2
1574 3
1575 3
1576 3
1577 2
1578 3
1579 3
1580 2
1581 3
1582 3
1583 3
1584 2
1585 3
1586 3
1587 2
1588 3
1589 3
1590 3
1591 2
1592 3
1593 3
1594 2
1595 3
1596 3
1597 3
1598 2
1599 3
1600 3
1601 2
1602 3
1603 3
1604 3
1605 2
1606 3
1607 3
1608 2
1609 3
1610 3
1611 3
1612 2
1613 3
1614 3
1615 3
1616 2
1617 3
1618 3
1619 2
1620 3
1621 3
1622 3
1623 2
1624 3
1625 3
1626 2
1627 3
1628 3
1629 3
1630 2
1631 3
1632 3
1633 2
1634 3
1635 3
1636 3
1637 2
1638 3
1639 3
1640 2
1641 3
1642 3
1643 3
1644 2
1645 3
1646 3
1647 3
1648 2
1649 3
1650 3
1651 2
1652 3
1653 3
1654 3
1655 2
1656 3
1657 3
1658 2
1659 3
1660 3
1661 3
1662 2
1663 3
1664 3
1665 2
1666 3
1667 3
1668 3
1669 2
1670 3
1671 3
1672 2
1673 3
1674 3
1675 3
1676 2
1677 3
1678 3
1679 2
1680 3
1681 3
1682 3
1683 2
1684 3
1685 3
1686 3
1687 2
1688 3
1689 3
1690 2
1691 3
1692 3
1693 3
1694 2
1695 3
1696 3
1697 2
1698 3
1699 3
1700 3
1701 2
1702 3
1703 3
1704 2
1705 3
1706 3
1707 3
1708 2
1709 3
1710 3
1711 2
1712 3
1713 3
1714 3
1715 2
1716 3
1717 3
1718 3
1719 2
1720 3
1721 3
1722 2
1723 3
1724 3
1725 3
1726 2
1727 3
1728 3
1729 2
1730 3
1731 3
1732 3
1733 2
1734 3
1735 3
1736 2
1737 3
1738 3
1739 3
1740 2
1741 3
1742 3
1743 2
1744 3
1745 3
1746 3
1747 2
1748 3
1749 3
1750 2
1751 3
1752 3
1753 3
1754 2
1755 3
1756 3
1757 3
1758 2
1759 3
1760 3
1761 2
1762 3
1763 3
1764 3
1765 2
1766 3
1767 3
1768 2
1769 3
1770 3
1771 3
1772 2
1773 3
1774 3
1775 2
1776 3
1777 3
1778 3
1779 2
1780 3
1781 3
1782 2
1783 3
1784 3
1785 3
1786 2
1787 3
1788 3
1789 3
1790 2
1791 3
1792 3
1793 2
1794 3
1795 3
1796 3
1797 2
1798 3
1799 3
1800 2
1801 3
1802 3
1803 3
1804 2
1805 3
1806 3
1807 2
1808 3
1809 3
1810 3
1811 2
1812 3
1813 3
1814 2
1815 3
1816 3
1817 3
1818 2
1819 3
1820 3
1821 2
1822 3
1823 3
1824 3
1825 2
1826 3
1827 3
1828 3
1829 2
1830 3
1831 3
1832 2
1833 3
1834 3
1835 3
1836 2
1837 3
1838 3
1839 2
1840 3
1841 3
1842 3
1843 2
1844 3
1845 3
1846 2
1847 3
1848 3
1849 3
1850 2
1851 3
1852 3
1853 2
1854 3
1855 3
1856 3
1857 2
1858 3
1859 3
1860 3
1861 2
1862 3
1863 3
1864 2
1865 3
1866 3
1867 3
1868 2
1869 3
1870 3
1871 2
1872 3
1873 3
1874 3
1875 2
1876 3
1877 3
1878 2
1879 3
1880 3
1881 3
1882 2
1883 3
1884 3
1885 2
1886 3
1887 3
1888 3
1889 2
1890 3
1891 3
1892 2
1893 3
1894 3
1895 3
1896 2
1897 3
1898 3
1899 3
1900 2
1901 3
1902 3
1903 2
1904 3
1905 3
1906 3
1907 2
1908 3
1909 3
1910 2
1911 3
1912 3
1913 3
1914 2
1915 3
1916 3
1917 2
1918 3
1919 3
1920 3
1921 2
1922 3
1923 3
1924 2
1925 3
1926 3
1927 3
1928 2
1929 3
1930 3
1931 3
1932 2
1933 3
1934 3
1935 2
1936 3
1937 3
1938 3
1939 2
1940 3
1941 3
1942 2
1943 3
1944 3
1945 3
1946 2
1947 3
1948 3
1949 2
1950 3
1951 3
1952 3
1953 2
1954 3
1955 3
1956 2
1957 3
1958 3
1959 3
1960 2
1961 3
1962 3
1963 2
1964 3
1965 3
1966 3
1967 2
1968 3
1969 3
1970 3
1971 2
1972 3
1973 3
1974 2
1975 3
1976 3
1977 3
1978 2
1979 3
1980 3
1981 2
1982 3
1983 3
1984 3
1985 2
1986 3
1987 3
1988 2
1989 3
1990 3
1991 3
1992 2
1993 3
1994 3
1995 2
1996 3
1997 3
1998 3
1999 2
2000 3
2001 3
2002 3
2003 2
2004 3
2005 3
2006 2
2007 3
2008 3
2009 3
2010 2
2011 3
2012 3
2013 2
2014 3
2015 3
2016 3
2017 2
2018 3
2019 3
2020 2
2021 3
2022 3
2023 3
2024 2
2025 3
2026 3
2027 2
2028 3
2029 3
2030 3
2031 2
2032 3
2033 3
2034 2
2035 3
2036 3
2037 3
2038 2
2039 3
2040 3
2041 3
2042 2
2043 3
2044 3
2045 2
2046 3
2047 3
2048 3
2049 2
2050 3
2051 3
2052 2
2053 3
2054 3
2055 3
2056 2
2057 3
2058 3
2059 2
2060 3
2061 3
2062 3
2063 2
2064 3
2065 3
2066 2
2067 3
2068 3
2069 3
2070 2
2071 3
2072 3
2073 2
2074 3
2075 3
2076 3
2077 2
2078 3
2079 3
2080 3
2081 2
2082 3
2083 3
2084 2
2085 3
2086 3
2087 3
2088 2
2089 3
2090 3
2091 2
2092 3
2093 3
2094 3
2095 2
2096 3
2097 3
2098 2
2099 3
2100 3
2101 3
2102 2
2103 3
2104 3
2105 2
2106 3
2107 3
2108 3
2109 2
2110 3
2111 3
2112 3
2113 2
2114 3
2115 3
2116 2
2117 3
2118 3
2119 3
2120 2
2121 3
2122 3
2123 2
2124 3
2125 3
2126 3
2127 2
2128 3
2129 3
2130 2
2131 3
2132 3
2133 3
2134 2
2135 3
2136 3
2137 2
2138 3
2139 3
2140 3
2141 2
2142 3
2143 3
2144 2
2145 3
2146 3
2147 3
2148 2
2149 3
2150 3
2151 3
2152 2
2153 3
2154 3
2155 2
2156 3
2157 3
2158 3
2159 2
2160 3
2161 3
2162 2
2163 3
2164 3
2165 3
2166 2
2167 3
2168 3
2169 2
2170 3
2171 3
2172 3
2173 2
2174 3
2175 3
2176 2
2177 3
2178 3
2179 3
2180 2
2181 3
2182 3
2183 3
2184 2
2185 3
2186 3
2187 2
2188 3
2189 3
2190 3
2191 2
2192 3
2193 3
2194 2
2195 3
2196 3
2197 3
2198 2
2199 3
2200 3
2201 2
2202 3
2203 3
2204 3
2205 2
2206 3
2207 3
2208 2
2209 3
2210 3
2211 3
2212 2
2213 3
2214 3
2215 2
2216 3
2217 3
2218 3
2219 2
2220 3
2221 3
2222 3
2223 2
2224 3
2225 3
2226 2
2227 3
2228 3
2229 3
2230 2
2231 3
2232 3
2233 2
2234 3
2235 3
2236 3
2237 2
2238 3
2239 3
2240 2
2241 3
2242 3
2243 3
2244 2
2245 3
2246 3
2247 2
2248 3
2249 3
2250 3
2251 2
2252 3
2253 3
2254 3
2255 2
2256 3
2257 3
2258 2
2259 3
2260 3
2261 3
2262 2
2263 3
2264 3
2265 2
2266 3
2267 3
2268 3
2269 2
2270 3
2271 3
2272 2
2273 3
2274 3
2275 3
2276 2
2277 3
2278 3
2279 2
2280 3
2281 3
2282 3
2283 2
2284 3
2285 3
2286 2
2287 3
2288 3
2289 3
2290 2
2291 3
2292 3
2293 3
2294 2
2295 3
2296 3
2297 2
2298 3
2299 3
2300 3
2301 2
2302 3
2303 3
2304 2
2305 3
2306 3
2307 3
2308 2
2309 3
2310 3
2311 2
2312 3
2313 3
2314 3
2315 2
2316 3
2317 3
2318 2
2319 3
2320 3
2321 3
2322 2
2323 3
2324 3
2325 3
2326 2
2327 3
2328 3
2329 2
2330 3
2331 3
2332 3
2333 2
2334 3
2335 3
2336 2
2337 3
2338 3
2339 3
2340 2
2341 3
2342 3
2343 2
2344 3
2345 3
2346 3
2347 2
2348 3
2349 3
2350 2
2351 3
2352 3
2353 3
2354 2
2355 3
2356 3
2357 2
2358 3
2359 3
2360 3
2361 2
2362 3
2363 3
2364 3
2365 2
2366 3
2367 3
2368 2
2369 3
2370 3
2371 3
2372 2
2373 3
2374 3
2375 2
2376 3
2377 3
2378 3
2379 2
2380 3
2381 3
2382 2
2383 3
2384 3
2385 3
2386 2
2387 3
2388 3
2389 2
2390 3
2391 3
2392 3
2393 2
2394 3
2395 3
2396 3
2397 2
2398 3
2399 3
2400 2
2401 3
2402 3
2403 3
2404 2
2405 3
2406 3
2407 2
2408 3
2409 3
2410 3
2411 2
2412 3
2413 3
2414 2
2415 3
2416 3
2417 3
2418 2
2419 3
2420 3
2421 2
2422 3
2423 3
2424 3
2425 2
2426 3
2427 3
2428 2
2429 3
2430 3
2431 3
2432 2
2433 3
2434 3
2435 3
2436 2
2437 3
2438 3
2439 2
2440 3
2441 3
2442 3
2443 2
2444 3
2445 3
2446 2
2447 3
2448 3
2449 3
2450 2
2451 3
2452 3
2453 2
2454 3
2455 3
2456 3
2457 2
2458 3
2459 3
2460 2
2461 3
2462 3
2463 3
2464 2
2465 3
2466 3
2467 3
2468 2
2469 3
2470 3
2471 2
2472 3
2473 3
2474 3
2475 2
2476 3
2477 3
2478 2
2479 3
2480 3
2481 3
2482 2
2483 3
2484 3
2485 2
2486 3
2487 3
2488 3
2489 2
2490 3
2491 3
2492 2
2493 3
2494 3
2495 3
2496 2
2497 3
2498 3
2499 2
2500 3
2501 3
2502 3
2503 2
2504 3
2505 3
2506 3
2507 2
2508 3
2509 3
2510 2
2511 3
2512 3
2513 3
2514 2
2515 3
2516 3
2517 2
2518 3
2519 3
2520 3
2521 2
2522 3
2523 3
2524 2
2525 3
2526 3
2527 3
2528 2
2529 3
2530 3
2531 2
2532 3
2533 3
2534 3
2535 2
2536 3
2537 3
2538 2
2539 3
2540 3
2541 3
2542 2
2543 3
2544 3
2545 3
2546 2
2547 3
2548 3
2549 2
2550 3
2551 3
2552 3
2553 2
2554 3
2555 3
2556 2
2557 3
2558 3
2559 3
2560 2
2561 3
2562 3
2563 2
2564 3
2565 3
2566 3
2567 2
2568 3
2569 3
2570 2
2571 3
2572 3
2573 3
2574 2
2575 3
2576 3
2577 3
2578 2
2579 3
2580 3
2581 2
2582 3
2583 3
2584 3
2585 2
2586 3
2587 3
2588 2
2589 3
2590 3
2591 3
2592 2
2593 3
2594 3
2595 2
2596 3
2597 3
2598 3
2599 2
2600 3
2601 3
2602 2
2603 3
2604 3
2605 3
2606 2
2607 3
2608 3
2609 2
2610 3
2611 3
2612 3
2613 2
2614 3
2615 3
2616 3
2617 2
2618 3
2619 3
2620 2
2621 3
2622 3
2623 3
2624 2
2625 3
2626 3
2627 2
2628 3
2629 3
2630 3
2631 2
2632 3
2633 3
2634 2
2635 3
2636 3
2637 3
2638 2
2639 3
2640 3
2641 2
2642 3
2643 3
2644 3
2645 2
2646 3
2647 3
2648 3
2649 2
2650 3
2651 3
2652 2
2653 3
2654 3
2655 3
2656 2
2657 3
2658 3
2659 2
2660 3
2661 3
2662 3
2663 2
2664 3
2665 3
2666 2
2667 3
2668 3
2669 3
2670 2
2671 3
2672 3
2673 2
2674 3
2675 3
2676 3
2677 2
2678 3
2679 3
2680 2
2681 3
2682 3
2683 3
2684 2
2685 3
2686 3
2687 3
2688 2
2689 3
2690 3
2691 2
2692 3
2693 3
2694 3
2695 2
2696 3
2697 3
2698 2
2699 3
2700 3
2701 3
2702 2
2703 3
2704 3
2705 2
2706 3
2707 3
2708 3
2709 2
2710 3
2711 3
2712 2
2713 3
2714 3
2715 3
2716 2
2717 3
2718 3
2719 3
2720 2
2721 3
2722 3
2723 2
2724 3
2725 3
2726 3
2727 2
2728 3
2729 3
2730 2
2731 3
2732 3
2733 3
2734 2
2735 3
2736 3
2737 2
2738 3
2739 3
2740 3
2741 2
2742 3
2743 3
2744 2
2745 3
2746 3
2747 3
2748 2
2749 3
2750 3
2751 2
2752 3
2753 3
2754 3
2755 2
2756 3
2757 3
2758 3
2759 2
2760 3
2761 3
2762 2
2763 3
2764 3
2765 3
2766 2
2767 3
2768 3
2769 2
2770 3
2771 3
2772 3
2773 2
2774 3
2775 3
2776 2
2777 3
2778 3
2779 3
2780 2
2781 3
2782 3
2783 2
2784 3
2785 3
2786 3
2787 2
2788 3
2789 3
2790 3
2791 2
2792 3
2793 3
2794 2
2795 3
2796 3
2797 3
2798 2
2799 3
2800 3
2801 2
2802 3
2803 3
2804 3
2805 2
2806 3
2807 3
2808 2
2809 3
2810 3
2811 3
2812 2
2813 3
2814 3
2815 2
2816 3
2817 3
2818 3
2819 2
2820 3
2821 3
2822 2
2823 3
2824 3
2825 3
2826 2
2827 3
2828 3
2829 3
2830 2
2831 3
2832 3
2833 2
2834 3
2835 3
2836 3
2837 2
2838 3
2839 3
2840 2
2841 3
2842 3
2843 3
2844 2
2845 3
2846 3
2847 2
2848 3
2849 3
2850 3
2851 2
2852 3
2853 3
2854 2
2855 3
2856 3
2857 3
2858 2
2859 3
2860 3
2861 3
2862 2
2863 3
2864 3
2865 2
2866 3
2867 3
2868 3
2869 2
2870 3
2871 3
2872 2
2873 3
2874 3
2875 3
2876 2
2877 3
2878 3
2879 2
2880 3
2881 3
2882 3
2883 2
2884 3
2885 3
2886 2
2887 3
2888 3
2889 3
2890 2
2891 3
2892 3
2893 2
2894 3
2895 3
2896 3
2897 2
2898 3
2899 3
2900 3
2901 2
2902 3
2903 3
2904 2
2905 3
2906 3
2907 3
2908 2
2909 3
2910 3
2911 2
2912 3
2913 3
2914 3
2915 2
2916 3
2917 3
2918 2
2919 3
2920 3
2921 3
2922 2
2923 3
2924 3
2925 2
2926 3
2927 3
2928 3
2929 2
2930 3
2931 3
2932 3
2933 2
2934 3
2935 3
2936 2
2937 3
2938 3
2939 3
2940 2
2941 3
2942 3
2943 2
2944 3
2945 3
2946 3
2947 2
2948 3
2949 3
2950 2
2951 3
2952 3
2953 3
2954 2
2955 3
2956 3
2957 2
2958 3
2959 3
2960 3
2961 2
2962 3
2963 3
2964 2
2965 3
2966 3
2967 3
2968 2
2969 3
2970 3
2971 3
2972 2
2973 3
2974 3
2975 2
2976 3
2977 3
2978 3
2979 2
2980 3
2981 3
2982 2
2983 3
2984 3
2985 3
2986 2
2987 3
2988 3
2989 2
2990 3
2991 3
2992 3
2993 2
2994 3
2995 3
2996 2
2997 3
2998 3
2999 3
3000 2
3001 3
3002 3
3003 3
3004 2
3005 3
3006 3
3007 2
3008 3
3009 3
3010 3
3011 2
3012 3
3013 3
3014 2
3015 3
3016 3
3017 3
3018 2
3019 3
3020 3
3021 2
3022 3
3023 3
3024 3
3025 2
3026 3
3027 3
3028 2
3029 3
3030 3
3031 3
3032 2
3033 3
3034 3
3035 2
3036 3
3037 3
3038 3
3039 2
3040 3
3041 3
3042 3
3043 2
3044 3
3045 3
3046 2
3047 3
3048 3
3049 3
3050 2
3051 3
3052 3
3053 2
3054 3
3055 3
3056 3
3057 2
3058 3
3059 3
3060 2
3061 3
3062 3
3063 3
3064 2
3065 3
3066 3
3067 2
3068 3
3069 3
3070 3
3071 2
3072 3
3073 3
3074 2
3075 3
3076 3
3077 3
3078 2
3079 3
3080 3
3081 3
3082 2
3083 3
3084 3
3085 2
3086 3
3087 3
3088 3
3089 2
3090 3
3091 3
3092 2
3093 3
3094 3
3095 3
3096 2
3097 3
3098 3
3099 2
3100 3
3101 3
3102 3
3103 2
3104 3
3105 3
3106 2
3107 3
3108 3
3109 3
3110 2
3111 3
3112 3
3113 3
3114 2
3115 3
3116 3
3117 2
3118 3
3119 3
3120 3
3121 2
3122 3
3123 3
3124 2
3125 3
3126 3
3127 3
3128 2
3129 3
3130 3
3131 2
3132 3
3133 3
3134 3
3135 2
3136 3
3137 3
3138 2
3139 3
3140 3
3141 3
3142 2
3143 3
3144 3
3145 2
3146 3
3147 3
3148 3
3149 2
3150 3
3151 3
3152 3
3153 2
3154 3
3155 3
3156 2
3157 3
3158 3
3159 3
3160 2
3161 3
3162 3
3163 2
3164 3
3165 3
3166 3
3167 2
3168 3
3169 3
3170 2
3171 3
3172 3
3173 3
3174 2
3175 3
3176 3
3177 2
3178 3
3179 3
3180 3
3181 2
3182 3
3183 3
3184 3
3185 2
3186 3
3187 3
3188 2
3189 3
3190 3
3191 3
3192 2
3193 3
3194 3
3195 2
3196 3
3197 3
3198 3
3199 2
3200 3
3201 3
3202 2
3203 3
3204 3
3205 3
3206 2
3207 3
3208 3
3209 2
3210 3
3211 3
3212 3
3213 2
3214 3
3215 3
3216 2
3217 3
3218 3
3219 3
3220 2
3221 3
3222 3
3223 3
3224 2
3225 3
3226 3
3227 2
3228 3
3229 3
3230 3
3231 2
3232 3
3233 3
3234 2
3235 3
3236 3
3237 3
3238 2
3239 3
3240 3
3241 2
3242 3
3243 3
3244 3
3245 2
3246 3
3247 3
3248 2
3249 3
3250 3
3251 3
3252 2
3253 3
3254 3
3255 3
3256 2
3257 3
3258 3
3259 2
3260 3
3261 3
3262 3
3263 2
3264 3
3265 3
3266 2
3267 3
3268 3
3269 3
3270 2
3271 3
3272 3
3273 2
3274 3
3275 3
3276 3
3277 2
3278 3
3279 3
3280 2
3281 3
3282 3
3283 3
3284 2
3285 3
3286 3
3287 2
3288 3
3289 3
3290 3
3291 2
3292 3
3293 3
3294 3
3295 2
3296 3
3297 3
3298 2
3299 3
3300 3
3301 3
3302 2
3303 3
3304 3
3305 2
3306 3
3307 3
3308 3
3309 2
3310 3
3311 3
3312 2
3313 3
3314 3
3315 3
3316 2
3317 3
3318 3
3319 2
3320 3
3321 3
3322 3
3323 2
3324 3
3325 3
3326 3
3327 2
3328 3
3329 3
3330 2
3331 3
3332 3
3333 3
3334 2
3335 3
3336 3
3337 2
3338 3
3339 3
3340 3
3341 2
3342 3
3343 3
3344 2
3345 3
3346 3
3347 3
3348 2
3349 3
3350 3
3351 2
3352 3
3353 3
3354 3
3355 2
3356 3
3357 3
3358 2
3359 3
3360 3
3361 3
3362 2
3363 3
3364 3
3365 3
3366 2
3367 3
3368 3
3369 2
3370 3
3371 3
3372 3
3373 2
3374 3
3375 3
3376 2
3377 3
3378 3
3379 3
3380 2
3381 3
3382 3
3383 2
3384 3
3385 3
3386 3
3387 2
3388 3
3389 3
3390 2
3391 3
3392 3
3393 3
3394 2
3395 3
3396 3
3397 3
3398 2
3399 3
3400 3
3401 2
3402 3
3403 3
3404 3
3405 2
3406 3
3407 3
3408 2
3409 3
3410 3
3411 3
3412 2
3413 3
3414 3
3415 2
3416 3
3417 3
3418 3
3419 2
3420 3
3421 3
3422 2
3423 3
3424 3
3425 3
3426 2
3427 3
3428 3
3429 2
3430 3
3431 3
3432 3
3433 2
3434 3
3435 3
3436 3
3437 2
3438 3
3439 3
3440 2
3441 3
3442 3
3443 3
3444 2
3445 3
3446 3
3447 2
3448 3
3449 3
3450 3
3451 2
3452 3
3453 3
3454 2
3455 3
3456 3
3457 3
3458 2
3459 3
3460 3
3461 2
3462 3
3463 3
3464 3
3465 2
3466 3
3467 3
3468 3
3469 2
3470 3
3471 3
3472 2
3473 3
3474 3
3475 3
3476 2
3477 3
3478 3
3479 2
3480 3
3481 3
3482 3
3483 2
3484 3
3485 3
3486 2
3487 3
3488 3
3489 3
3490 2
3491 3
3492 3
3493 2
3494 3
3495 3
3496 3
3497 2
3498 3
3499 3
3500 2
3501 3
3502 3
3503 3
3504 2
3505 3
3506 3
3507 3
3508 2
3509 3
3510 3
3511 2
3512 3
3513 3
3514 3
3515 2
3516 3
3517 3
3518 2
3519 3
3520 3
3521 3
3522 2
3523 3
3524 3
3525 2
3526 3
3527 3
3528 3
3529 2
3530 3
3531 3
3532 2
3533 3
3534 3
3535 3
3536 2
3537 3
3538 3
3539 2
3540 3
3541 3
3542 3
3543 2
3544 3
3545 3
3546 3
3547 2
3548 3
3549 3
3550 2
3551 3
3552 3
3553 3
3554 2
3555 3
3556 3
3557 2
3558 3
3559 3
3560 3
3561 2
3562 3
3563 3
3564 2
3565 3
3566 3
3567 3
3568 2
3569 3
3570 3
3571 2
3572 3
3573 3
3574 3
3575 2
3576 3
3577 3
3578 3
3579 2
3580 3
3581 3
3582 2
3583 3
3584 3
3585 3
3586 2
3587 3
3588 3
3589 2
3590 3
3591 3
3592 3
3593 2
3594 3
3595 3
3596 2
3597 3
3598 3
3599 3
3600 2
3601 3
3602 3
3603 2
3604 3
3605 3
3606 3
3607 2
3608 3
3609 3
3610 2
3611 3
3612 3
3613 3
3614 2
3615 3
3616 3
3617 3
3618 2
3619 3
3620 3
3621 2
3622 3
3623 3
3624 3
3625 2
3626 3
3627 3
3628 2
3629 3
3630 3
3631 3
3632 2
3633 3
3634 3
3635 2
3636 3
3637 3
3638 3
3639 2
3640 3
3641 3
3642 2
3643 3
3644 3
3645 3
3646 2
3647 3
3648 3
3649 3
3650 2
3651 3
3652 3
3653 2
3654 3
3655 3
3656 3
3657 2
3658 3
3659 3
3660 2
3661 3
3662 3
3663 3
3664 2
3665 3
3666 3
3667 2
3668 3
3669 3
3670 3
3671 2
3672 3
3673 3
3674 2
3675 3
3676 3
3677 3
3678 2
3679 3
3680 3
3681 2
3682 3
3683 3
3684 3
3685 2
3686 3
3687 3
3688 3
3689 2
3690 3
3691 3
3692 2
3693 3
3694 3
3695 3
3696 2
3697 3
3698 3
3699 2
3700 3
3701 3
3702 3
3703 2
3704 3
3705 3
3706 2
3707 3
3708 3
3709 3
3710 2
3711 3
3712 3
3713 2
3714 3
3715 3
3716 3
3717 2
3718 3
3719 3
3720 3
3721 2
3722 3
3723 3
3724 2
3725 3
3726 3
3727 3
3728 2
3729 3
3730 3
3731 2
3732 3
3733 3
3734 3
3735 2
3736 3
3737 3
3738 2
3739 3
3740 3
3741 3
3742 2
3743 3
3744 3
3745 2
3746 3
3747 3
3748 3
3749 2
3750 3
3751 3
3752 2
3753 3
3754 3
3755 3
3756 2
3757 3
3758 3
3759 3
3760 2
3761 3
3762 3
3763 2
3764 3
3765 3
3766 3
3767 2
3768 3
3769 3
3770 2
3771 3
3772 3
3773 3
3774 2
3775 3
3776 3
3777 2
3778 3
3779 3
3780 3
3781 2
3782 3
3783 3
3784 2
3785 3
3786 3
3787 3
3788 2
3789 3
3790 3
3791 3
3792 2
3793 3
3794 3
3795 2
3796 3
3797 3
3798 3
3799 2
3800 3
3801 3
3802 2
3803 3
3804 3
3805 3
3806 2
3807 3
3808 3
3809 2
3810 3
3811 3
3812 3
3813 2
3814 3
3815 3
3816 2
3817 3
3818 3
3819 3
3820 2
3821 3
3822 3
3823 2
3824 3
3825 3
3826 3
3827 2
3828 3
3829 3
3830 3
3831 2
3832 3
3833 3
3834 2
3835 3
3836 3
3837 3
3838 2
3839 3
3840 3
3841 2
3842 3
3843 3
3844 3
3845 2
3846 3
3847 3
3848 2
3849 3
3850 3
3851 3
3852 2
3853 3
3854 3
3855 2
3856 3
3857 3
3858 3
3859 2
3860 3
3861 3
3862 3
3863 2
3864 3
3865 3
3866 2
3867 3
3868 3
3869 3
3870 2
3871 3
3872 3
3873 2
3874 3
3875 3
3876 3
3877 2
3878 3
3879 3
3880 2
3881 3
3882 3
3883 3
3884 2
3885 3
3886 3
3887 2
3888 3
3889 3
3890 3
3891 2
3892 3
3893 3
3894 2
3895 3
3896 3
3897 3
3898 2
3899 3
3900 3
3901 3
3902 2
3903 3
3904 3
3905 2
3906 3
3907 3
3908 3
3909 2
3910 3
3911 3
3912 2
3913 3
3914 3
3915 3
3916 2
3917 3
3918 3
3919 2
3920 3
3921 3
3922 3
3923 2
3924 3
3925 3
3926 2
3927 3
3928 3
3929 3
3930 2
3931 3
3932 3
3933 3
3934 2
3935 3
3936 3
3937 2
3938 3
3939 3
3940 3
3941 2
3942 3
3943 3
3944 2
3945 3
3946 3
3947 3
3948 2
3949 3
3950 3
3951 2
3952 3
3953 3
3954 3
3955 2
3956 3
3957 3
3958 2
3959 3
3960 3
3961 3
3962 2
3963 3
3964 3
3965 2
3966 3
3967 3
3968 3
3969 2
3970 3
3971 3
3972 3
3973 2
3974 3
3975 3
3976 2
3977 3
3978 3
3979 3
3980 2
3981 3
3982 3
3983 2
3984 3
3985 3
3986 3
3987 2
3988 3
3989 3
3990 2
3991 3
3992 3
3993 3
3994 2
3995 3
3996 3
3997 2
3998 3
3999 3
4000 3
4001 2
4002 3
4003 3
4004 3
4005 2
4006 3
4007 3
4008 2
4009 3
4010 3
4011 3
4012 2
4013 3
4014 3
4015 2
4016 3
4017 3
4018 3
4019 2
4020 3
4021 3
4022 2
4023 3
4024 3
4025 3
4026 2
4027 3
4028 3
4029 2
4030 3
4031 3
4032 3
4033 2
4034 3
4035 3
4036 2
4037 3
4038 3
4039 3
4040 2
4041 3
4042 3
4043 3
4044 2
4045 3
4046 3
4047 2
4048 3
4049 3
4050 3
4051 2
4052 3
4053 3
4054 2
4055 3
4056 3
4057 3
4058 2
4059 3
4060 3
4061 2
4062 3
4063 3
4064 3
4065 2
4066 3
4067 3
4068 2
4069 3
4070 3
4071 3
4072 2
4073 3
4074 3
4075 2
4076 3
4077 3
4078 3
4079 2
4080 3
4081 3
4082 3
4083 2
4084 3
4085 3
4086 2
4087 3
4088 3
4089 3
4090 2
4091 3
4092 3
4093 2
4094 3
4095 3
4096 3
4097 2
4098 3
4099 3
4100 2
4101 3
4102 3
4103 3
4104 2
4105 3
4106 3
4107 2
4108 3
4109 3
4110 3
4111 2
4112 3
4113 3
4114 3
4115 2
4116 3
4117 3
4118 2
4119 3
4120 3
4121 3
4122 2
4123 3
4124 3
4125 2
4126 3
4127 3
4128 3
4129 2
4130 3
4131 3
4132 2
4133 3
4134 3
4135 3
4136 2
4137 3
4138 3
4139 2
4140 3
4141 3
4142 3
4143 2
4144 3
4145 3
4146 2
4147 3
4148 3
4149 3
4150 2
4151 3
4152 3
4153 3
4154 2
4155 3
4156 3
4157 2
4158 3
4159 3
4160 3
4161 2
4162 3
4163 3
4164 2
4165 3
4166 3
4167 3
4168 2
4169 3
4170 3
4171 2
4172 3
4173 3
4174 3
4175 2
4176 3
4177 3
4178 2
4179 3
4180 3
4181 3
4182 2
4183 3
4184 3
4185 3
4186 2
4187 3
4188 3
4189 2
4190 3
4191 3
4192 3
4193 2
4194 3
4195 3
4196 2
4197 3
4198 3
4199 3
4200 2
4201 3
4202 3
4203 2
4204 3
4205 3
4206 3
4207 2
4208 3
4209 3
4210 2
4211 3
4212 3
4213 3
4214 2
4215 3
4216 3
4217 2
4218 3
4219 3
4220 3
4221 2
4222 3
4223 3
4224 3
4225 2
4226 3
4227 3
4228 2
4229 3
4230 3
4231 3
4232 2
4233 3
4234 3
4235 2
4236 3
4237 3
4238 3
4239 2
4240 3
4241 3
4242 2
4243 3
4244 3
4245 3
4246 2
4247 3
4248 3
4249 2
4250 3
4251 3
4252 3
4253 2
4254 3
4255 3
4256 3
4257 2
4258 3
4259 3
4260 2
4261 3
4262 3
4263 3
4264 2
4265 3
4266 3
4267 2
4268 3
4269 3
4270 3
4271 2
4272 3
4273 3
4274 2
4275 3
4276 3
4277 3
4278 2
4279 3
4280 3
4281 2
4282 3
4283 3
4284 3
4285 2
4286 3
4287 3
4288 2
4289 3
4290 3
4291 3
4292 2
4293 3
4294 3
4295 3
4296 2
4297 3
4298 3
4299 2
4300 3
4301 3
4302 3
4303 2
4304 3
4305 3
4306 2
4307 3
4308 3
4309 3
4310 2
4311 3
4312 3
4313 2
4314 3
4315 3
4316 3
4317 2
4318 3
4319 3
4320 2
4321 3
4322 3
4323 3
4324 2
4325 3
4326 3
4327 3
4328 2
4329 3
4330 3
4331 2
4332 3
4333 3
4334 3
4335 2
4336 3
4337 3
4338 2
4339 3
4340 3
4341 3
4342 2
4343 3
4344 3
4345 2
4346 3
4347 3
4348 3
4349 2
4350 3
4351 3
4352 2
4353 3
4354 3
4355 3
4356 2
4357 3
4358 3
4359 2
4360 3
4361 3
4362 3
4363 2
4364 3
4365 3
4366 3
4367 2
4368 3
4369 3
4370 2
4371 3
4372 3
4373 3
4374 2
4375 3
4376 3
4377 2
4378 3
4379 3
4380 3
4381 2
4382 3
4383 3
4384 2
4385 3
4386 3
4387 3
4388 2
4389 3
4390 3
4391 2
4392 3
4393 3
4394 3
4395 2
4396 3
4397 3
4398 3
4399 2
4400 3
4401 3
4402 2
4403 3
4404 3
4405 3
4406 2
4407 3
4408 3
4409 2
4410 3
4411 3
4412 3
4413 2
4414 3
4415 3
4416 2
4417 3
4418 3
4419 3
4420 2
4421 3
4422 3
4423 2
4424 3
4425 3
4426 3
4427 2
4428 3
4429 3
4430 2
4431 3
4432 3
4433 3
4434 2
4435 3
4436 3
4437 3
4438 2
4439 3
4440 3
4441 2
4442 3
4443 3
4444 3
4445 2
4446 3
4447 3
4448 2
4449 3
4450 3
4451 3
4452 2
4453 3
4454 3
4455 2
4456 3
4457 3
4458 3
4459 2
4460 3
4461 3
4462 2
4463 3
4464 3
4465 3
4466 2
4467 3
4468 3
4469 3
4470 2
4471 3
4472 3
4473 2
4474 3
4475 3
4476 3
4477 2
4478 3
4479 3
4480 2
4481 3
4482 3
4483 3
4484 2
4485 3
4486 3
4487 2
4488 3
4489 3
4490 3
4491 2
4492 3
4493 3
4494 2
4495 3
4496 3
4497 3
4498 2
4499 3
4500 3
4501 2
4502 3
4503 3
4504 3
4505 2
4506 3
4507 3
4508 3
4509 2
4510 3
4511 3
4512 2
4513 3
4514 3
4515 3
4516 2
4517 3
4518 3
4519 2
4520 3
4521 3
4522 3
4523 2
4524 3
4525 3
4526 2
4527 3
4528 3
4529 3
4530 2
4531 3
4532 3
4533 2
4534 3
4535 3
4536 3
4537 2
4538 3
4539 3
4540 2
4541 3
4542 3
4543 3
4544 2
4545 3
4546 3
4547 3
4548 2
4549 3
4550 3
4551 2
4552 3
4553 3
4554 3
4555 2
4556 3
4557 3
4558 2
4559 3
4560 3
4561 3
4562 2
4563 3
4564 3
4565 2
4566 3
4567 3
4568 3
4569 2
4570 3
4571 3
4572 2
4573 3
4574 3
4575 3
4576 2
4577 3
4578 3
4579 3
4580 2
4581 3
4582 3
4583 2
4584 3
4585 3
4586 3
4587 2
4588 3
4589 3
4590 2
4591 3
4592 3
4593 3
4594 2
4595 3
4596 3
4597 2
4598 3
4599 3
4600 3
4601 2
4602 3
4603 3
4604 2
4605 3
4606 3
4607 3
4608 2
4609 3
4610 3
4611 2
4612 3
4613 3
4614 3
4615 2
4616 3
4617 3
4618 3
4619 2
4620 3
4621 3
4622 2
4623 3
4624 3
4625 3
4626 2
4627 3
4628 3
4629 2
4630 3
4631 3
4632 3
4633 2
4634 3
4635 3
4636 2
4637 3
4638 3
4639 3
4640 2
4641 3
4642 3
4643 2
4644 3
4645 3
4646 3
4647 2
4648 3
4649 3
4650 3
4651 2
4652 3
4653 3
4654 2
4655 3
4656 3
4657 3
4658 2
4659 3
4660 3
4661 2
4662 3
4663 3
4664 3
4665 2
4666 3
4667 3
4668 2
4669 3
4670 3
4671 3
4672 2
4673 3
4674 3
4675 2
4676 3
4677 3
4678 3
4679 2
4680 3
4681 3
4682 2
4683 3
4684 3
4685 3
4686 2
4687 3
4688 3
4689 3
4690 2
4691 3
4692 3
4693 2
4694 3
4695 3
4696 3
4697 2
4698 3
4699 3
4700 2
4701 3
4702 3
4703 3
4704 2
4705 3
4706 3
4707 2
4708 3
4709 3
4710 3
4711 2
4712 3
4713 3
4714 2
4715 3
4716 3
4717 3
4718 2
4719 3
4720 3
4721 3
4722 2
4723 3
4724 3
4725 2
4726 3
4727 3
4728 3
4729 2
4730 3
4731 3
4732 2
4733 3
4734 3
4735 3
4736 2
4737 3
4738 3
4739 2
4740 3
4741 3
4742 3
4743 2
4744 3
4745 3
4746 2
4747 3
4748 3
4749 3
4750 2
4751 3
4752 3
4753 2
4754 3
4755 3
4756 3
4757 2
4758 3
4759 3
4760 3
4761 2
4762 3
4763 3
4764 2
4765 3
4766 3
4767 3
4768 2
4769 3
4770 3
4771 2
4772 3
4773 3
4774 3
4775 2
4776 3
4777 3
4778 2
4779 3
4780 3
4781 3
4782 2
4783 3
4784 3
4785 2
4786 3
4787 3
4788 3
4789 2
4790 3
4791 3
4792 3
4793 2
4794 3
4795 3
4796 2
4797 3
4798 3
4799 3
4800 2
4801 3
4802 3
4803 2
4804 3
4805 3
4806 3
4807 2
4808 3
4809 3
4810 2
4811 3
4812 3
4813 3
4814 2
4815 3
4816 3
4817 2
4818 3
4819 3
4820 3
4821 2
4822 3
4823 3
4824 2
4825 3
4826 3
4827 3
4828 2
4829 3
4830 3
4831 3
4832 2
4833 3
4834 3
4835 2
4836 3
4837 3
4838 3
4839 2
4840 3
4841 3
4842 2
4843 3
4844 3
4845 3
4846 2
4847 3
4848 3
4849 2
4850 3
4851 3
4852 3
4853 2
4854 3
4855 3
4856 2
4857 3
4858 3
4859 3
4860 2
4861 3
4862 3
4863 3
4864 2
4865 3
4866 3
4867 2
4868 3
4869 3
4870 3
4871 2
4872 3
4873 3
4874 2
4875 3
4876 3
4877 3
4878 2
4879 3
4880 3
4881 2
4882 3
4883 3
4884 3
4885 2
4886 3
4887 3
4888 2
4889 3
4890 3
4891 3
4892 2
4893 3
4894 3
4895 2
4896 3
4897 3
4898 3
4899 2
4900 3
4901 3
4902 3
4903 2
4904 3
4905 3
4906 2
4907 3
4908 3
4909 3
4910 2
4911 3
4912 3
4913 2
4914 3
4915 3
4916 3
4917 2
4918 3
4919 3
4920 2
4921 3
4922 3
4923 3
4924 2
4925 3
4926 3
4927 2
4928 3
4929 3
4930 3
4931 2
4932 3
4933 3
4934 3
4935 2
4936 3
4937 3
4938 2
4939 3
4940 3
4941 3
4942 2
4943 3
4944 3
4945 2
4946 3
4947 3
4948 3
4949 2
4950 3
4951 3
4952 2
4953 3
4954 3
4955 3
4956 2
4957 3
4958 3
4959 2
4960 3
4961 3
4962 3
4963 2
4964 3
4965 3
4966 2
4967 3
4968 3
4969 3
4970 2
4971 3
4972 3
4973 3
4974 2
4975 3
4976 3
4977 2
4978 3
4979 3
4980 3
4981 2
4982 3
4983 3
4984 2
4985 3
4986 3
4987 3
4988 2
4989 3
4990 3
4991 2
4992 3
4993 3
4994 3
4995 2
4996 3
4997 3
4998 2
4999 3
5000 3
5001 3
5002 2
5003 3
5004 3
5005 3
5006 2
5007 3
5008 3
5009 2
5010 3
5011 3
5012 3
5013 2
5014 3
5015 3
5016 2
5017 3
5018 3
5019 3
5020 2
5021 3
5022 3
5023 2
5024 3
5025 3
5026 3
5027 2
5028 3
5029 3
5030 2
5031 3
5032 3
5033 3
5034 2
5035 3
5036 3
5037 2
5038 3
5039 3
5040 3
5041 2
5042 3
5043 3
5044 3
5045 2
5046 3
5047 3
5048 2
5049 3
5050 3
5051 3
5052 2
5053 3
5054 3
5055 2
5056 3
5057 3
5058 3
5059 2
5060 3
5061 3
5062 2
5063 3
5064 3
5065 3
5066 2
5067 3
5068 3
5069 2
5070 3
5071 3
5072 3
5073 2
5074 3
5075 3
5076 2
5077 3
5078 3
5079 3
5080 2
5081 3
5082 3
5083 3
5084 2
5085 3
5086 3
5087 2
5088 3
5089 3
5090 3
5091 2
5092 3
5093 3
5094 2
5095 3
5096 3
5097 3
5098 2
5099 3
5100 3
5101 2
5102 3
5103 3
5104 3
5105 2
5106 3
5107 3
5108 2
5109 3
5110 3
5111 3
5112 2
5113 3
5114 3
5115 3
5116 2
5117 3
5118 3
5119 2
5120 3
5121 3
5122 3
5123 2
5124 3
5125 3
5126 2
5127 3
5128 3
5129 3
5130 2
5131 3
5132 3
5133 2
5134 3
5135 3
5136 3
5137 2
5138 3
5139 3
5140 2
5141 3
5142 3
5143 3
5144 2
5145 3
5146 3
5147 2
5148 3
5149 3
5150 3
5151 2
5152 3
5153 3
5154 3
5155 2
5156 3
5157 3
5158 2
5159 3
5160 3
5161 3
5162 2
5163 3
5164 3
5165 2
5166 3
5167 3
5168 3
5169 2
5170 3
5171 3
5172 2
5173 3
5174 3
5175 3
5176 2
5177 3
5178 3
5179 2
5180 3
5181 3
5182 3
5183 2
5184 3
5185 3
5186 3
5187 2
5188 3
5189 3
5190 2
5191 3
5192 3
5193 3
5194 2
5195 3
5196 3
5197 2
5198 3
5199 3
5200 3
5201 2
5202 3
5203 3
5204 2
5205 3
5206 3
5207 3
5208 2
5209 3
5210 3
5211 2
5212 3
5213 3
5214 3
5215 2
5216 3
5217 3
5218 2
5219 3
5220 3
5221 3
5222 2
5223 3
5224 3
5225 3
5226 2
5227 3
5228 3
5229 2
5230 3
5231 3
5232 3
5233 2
5234 3
5235 3
5236 2
5237 3
5238 3
5239 3
5240 2
5241 3
5242 3
5243 2
5244 3
5245 3
5246 3
5247 2
5248 3
5249 3
5250 2
5251 3
5252 3
5253 3
5254 2
5255 3
5256 3
5257 3
5258 2
5259 3
5260 3
5261 2
5262 3
5263 3
5264 3
5265 2
5266 3
5267 3
5268 2
5269 3
5270 3
5271 3
5272 2
5273 3
5274 3
5275 2
5276 3
5277 3
5278 3
5279 2
5280 3
5281 3
5282 2
5283 3
5284 3
5285 3
5286 2
5287 3
5288 3
5289 2
5290 3
5291 3
5292 3
5293 2
5294 3
5295 3
5296 3
5297 2
5298 3
5299 3
5300 2
5301 3
5302 3
5303 3
5304 2
5305 3
5306 3
5307 2
5308 3
5309 3
5310 3
5311 2
5312 3
5313 3
5314 2
5315 3
5316 3
5317 3
5318 2
5319 3
5320 3
5321 2
5322 3
5323 3
5324 3
5325 2
5326 3
5327 3
5328 3
5329 2
5330 3
5331 3
5332 2
5333 3
5334 3
5335 3
5336 2
5337 3
5338 3
5339 2
5340 3
5341 3
5342 3
5343 2
5344 3
5345 3
5346 2
5347 3
5348 3
5349 3
5350 2
5351 3
5352 3
5353 2
5354 3
5355 3
5356 3
5357 2
5358 3
5359 3
5360 2
5361 3
5362 3
5363 3
5364 2
5365 3
5366 3
5367 3
5368 2
5369 3
5370 3
5371 2
5372 3
5373 3
5374 3
5375 2
5376 3
5377 3
5378 2
5379 3
5380 3
5381 3
5382 2
5383 3
5384 3
5385 2
5386 3
5387 3
5388 3
5389 2
5390 3
5391 3
5392 2
5393 3
5394 3
5395 3
5396 2
5397 3
5398 3
5399 3
5400 2
5401 3
5402 3
5403 2
5404 3
5405 3
5406 3
5407 2
5408 3
5409 3
5410 2
5411 3
5412 3
5413 3
5414 2
5415 3
5416 3
5417 2
5418 3
5419 3
5420 3
5421 2
5422 3
5423 3
5424 2
5425 3
5426 3
5427 3
5428 2
5429 3
5430 3
5431 2
5432 3
5433 3
5434 3
5435 2
5436 3
5437 3
5438 3
5439 2
5440 3
5441 3
5442 2
5443 3
5444 3
5445 3
5446 2
5447 3
5448 3
5449 2
5450 3
5451 3
5452 3
5453 2
5454 3
5455 3
5456 2
5457 3
5458 3
5459 3
5460 2
5461 3
5462 3
5463 2
5464 3
5465 3
5466 3
5467 2
5468 3
5469 3
5470 3
5471 2
5472 3
5473 3
5474 2
5475 3
5476 3
5477 3
5478 2
5479 3
5480 3
5481 2
5482 3
5483 3
5484 3
5485 2
5486 3
5487 3
5488 2
5489 3
5490 3
5491 3
5492 2
5493 3
5494 3
5495 2
5496 3
5497 3
5498 3
5499 2
5500 3
5501 3
5502 2
5503 3
5504 3
5505 3
5506 2
5507 3
5508 3
5509 3
5510 2
5511 3
5512 3
5513 2
5514 3
5515 3
5516 3
5517 2
5518 3
5519 3
5520 2
5521 3
5522 3
5523 3
5524 2
5525 3
5526 3
5527 2
5528 3
5529 3
5530 3
5531 2
5532 3
5533 3
5534 2
5535 3
5536 3
5537 3
5538 2
5539 3
5540 3
5541 2
5542 3
5543 3
5544 3
5545 2
5546 3
5547 3
5548 3
5549 2
5550 3
5551 3
5552 2
5553 3
5554 3
5555 3
5556 2
5557 3
5558 3
5559 2
5560 3
5561 3
5562 3
5563 2
5564 3
5565 3
5566 2
5567 3
5568 3
5569 3
5570 2
5571 3
5572 3
5573 2
5574 3
5575 3
5576 3
5577 2
5578 3
5579 3
5580 3
5581 2
5582 3
5583 3
5584 2
5585 3
5586 3
5587 3
5588 2
5589 3
5590 3
5591 2
5592 3
5593 3
5594 3
5595 2
5596 3
5597 3
5598 2
5599 3
5600 3
5601 3
5602 2
5603 3
5604 3
5605 2
5606 3
5607 3
5608 3
5609 2
5610 3
5611 3
5612 2
5613 3
5614 3
5615 3
5616 2
5617 3
5618 3
5619 3
5620 2
5621 3
5622 3
5623 2
5624 3
5625 3
5626 3
5627 2
5628 3
5629 3
5630 2
5631 3
5632 3
5633 3
5634 2
5635 3
5636 3
5637 2
5638 3
5639 3
5640 3
5641 2
5642 3
5643 3
5644 2
5645 3
5646 3
5647 3
5648 2
5649 3
5650 3
5651 3
5652 2
5653 3
5654 3
5655 2
5656 3
5657 3
5658 3
5659 2
5660 3
5661 3
5662 2
5663 3
5664 3
5665 3
5666 2
5667 3
5668 3
5669 2
5670 3
5671 3
5672 3
5673 2
5674 3
5675 3
5676 2
5677 3
5678 3
5679 3
5680 2
5681 3
5682 3
5683 2
5684 3
5685 3
5686 3
5687 2
5688 3
5689 3
5690 3
5691 2
5692 3
5693 3
5694 2
5695 3
5696 3
5697 3
5698 2
5699 3
5700 3
5701 2
5702 3
5703 3
5704 3
5705 2
5706 3
5707 3
5708 2
5709 3
5710 3
5711 3
5712 2
5713 3
5714 3
5715 2
5716 3
5717 3
5718 3
5719 2
5720 3
5721 3
5722 3
5723 2
5724 3
5725 3
5726 2
5727 3
5728 3
5729 3
5730 2
5731 3
5732 3
5733 2
5734 3
5735 3
5736 3
5737 2
5738 3
5739 3
5740 2
5741 3
5742 3
5743 3
5744 2
5745 3
5746 3
5747 2
5748 3
5749 3
5750 3
5751 2
5752 3
5753 3
5754 2
5755 3
5756 3
5757 3
5758 2
5759 3
5760 3
5761 3
5762 2
5763 3
5764 3
5765 2
5766 3
5767 3
5768 3
5769 2
5770 3
5771 3
5772 2
5773 3
5774 3
5775 3
5776 2
5777 3
5778 3
5779 2
5780 3
5781 3
5782 3
5783 2
5784 3
5785 3
5786 2
5787 3
5788 3
5789 3
5790 2
5791 3
5792 3
5793 3
5794 2
5795 3
5796 3
5797 2
5798 3
5799 3
5800 3
5801 2
5802 3
5803 3
5804 2
5805 3
5806 3
5807 3
5808 2
5809 3
5810 3
5811 2
5812 3
5813 3
5814 3
5815 2
5816 3
5817 3
5818 2
5819 3
5820 3
5821 3
5822 2
5823 3
5824 3
5825 2
5826 3
5827 3
5828 3
5829 2
5830 3
5831 3
5832 3
5833 2
5834 3
5835 3
5836 2
5837 3
5838 3
5839 3
5840 2
5841 3
5842 3
5843 2
5844 3
5845 3
5846 3
5847 2
5848 3
5849 3
5850 2
5851 3
5852 3
5853 3
5854 2
5855 3
5856 3
5857 2
5858 3
5859 3
5860 3
5861 2
5862 3
5863 3
5864 3
5865 2
5866 3
5867 3
5868 2
5869 3
5870 3
5871 3
5872 2
5873 3
5874 3
5875 2
5876 3
5877 3
5878 3
5879 2
5880 3
5881 3
5882 2
5883 3
5884 3
5885 3
5886 2
5887 3
5888 3
5889 2
5890 3
5891 3
5892 3
5893 2
5894 3
5895 3
5896 2
5897 3
5898 3
5899 3
5900 2
5901 3
5902 3
5903 3
5904 2
5905 3
5906 3
5907 2
5908 3
5909 3
5910 3
5911 2
5912 3
5913 3
5914 2
5915 3
5916 3
5917 3
5918 2
5919 3
5920 3
5921 2
5922 3
5923 3
5924 3
5925 2
5926 3
5927 3
5928 2
5929 3
5930 3
5931 3
5932 2
5933 3
5934 3
5935 3
5936 2
5937 3
5938 3
5939 2
5940 3
5941 3
5942 3
5943 2
5944 3
5945 3
5946 2
5947 3
5948 3
5949 3
5950 2
5951 3
5952 3
5953 2
5954 3
5955 3
5956 3
5957 2
5958 3
5959 3
5960 2
5961 3
5962 3
5963 3
5964 2
5965 3
5966 3
5967 2
5968 3
5969 3
5970 3
5971 2
5972 3
5973 3
5974 3
5975 2
5976 3
5977 3
5978 2
5979 3
5980 3
5981 3
5982 2
5983 3
5984 3
5985 2
5986 3
5987 3
5988 3
5989 2
5990 3
5991 3
5992 2
5993 3
5994 3
5995 3
5996 2
5997 3
5998 3
5999 2
6000 3
6001 3
6002 3
6003 2
6004 3
6005 3
6006 3
6007 2
6008 3
6009 3
6010 2
6011 3
6012 3
6013 3
6014 2
6015 3
6016 3
6017 2
6018 3
6019 3
6020 3
6021 2
6022 3
6023 3
6024 2
6025 3
6026 3
6027 3
6028 2
6029 3
6030 3
6031 2
6032 3
6033 3
6034 3
6035 2
6036 3
6037 3
6038 2
6039 3
6040 3
6041 3
6042 2
6043 3
6044 3
6045 3
6046 2
6047 3
6048 3
6049 2
6050 3
6051 3
6052 3
6053 2
6054 3
6055 3
6056 2
6057 3
6058 3
6059 3
6060 2
6061 3
6062 3
6063 2
6064 3
6065 3
6066 3
6067 2
6068 3
6069 3
6070 2
6071 3
6072 3
6073 3
6074 2
6075 3
6076 3
6077 2
6078 3
6079 3
6080 3
6081 2
6082 3
6083 3
6084 3
6085 2
6086 3
6087 3
6088 2
6089 3
6090 3
6091 3
6092 2
6093 3
6094 3
6095 2
6096 3
6097 3
6098 3
6099 2
6100 3
6101 3
6102 2
6103 3
6104 3
6105 3
6106 2
6107 3
6108 3
6109 2
6110 3
6111 3
6112 3
6113 2
6114 3
6115 3
6116 3
6117 2
6118 3
6119 3
6120 2
6121 3
6122 3
6123 3
6124 2
6125 3
6126 3
6127 2
6128 3
6129 3
6130 3
6131 2
6132 3
6133 3
6134 2
6135 3
6136 3
6137 3
6138 2
6139 3
6140 3
6141 2
6142 3
6143 3
6144 3
6145 2
6146 3
6147 3
6148 2
6149 3
6150 3
6151 3
6152 2
6153 3
6154 3
6155 3
6156 2
6157 3
6158 3
6159 2
6160 3
6161 3
6162 3
6163 2
6164 3
6165 3
6166 2
6167 3
6168 3
6169 3
6170 2
6171 3
6172 3
6173 2
6174 3
6175 3
6176 3
6177 2
6178 3
6179 3
6180 2
6181 3
6182 3
6183 3
6184 2
6185 3
6186 3
6187 3
6188 2
6189 3
6190 3
6191 2
6192 3
6193 3
6194 3
6195 2
6196 3
6197 3
6198 2
6199 3
6200 3
6201 3
6202 2
6203 3
6204 3
6205 2
6206 3
6207 3
6208 3
6209 2
6210 3
6211 3
6212 2
6213 3
6214 3
6215 3
6216 2
6217 3
6218 3
6219 2
6220 3
6221 3
6222 3
6223 2
6224 3
6225 3
6226 3
6227 2
6228 3
6229 3
6230 2
6231 3
6232 3
6233 3
6234 2
6235 3
6236 3
6237 2
6238 3
6239 3
6240 3
6241 2
6242 3
6243 3
6244 2
6245 3
6246 3
6247 3
6248 2
6249 3
6250 3
6251 2
6252 3
6253 3
6254 3
6255 2
6256 3
6257 3
6258 3
6259 2
6260 3
6261 3
6262 2
6263 3
6264 3
6265 3
6266 2
6267 3
6268 3
6269 2
6270 3
6271 3
6272 3
6273 2
6274 3
6275 3
6276 2
6277 3
6278 3
6279 3
6280 2
6281 3
6282 3
6283 2
6284 3
6285 3
6286 3
6287 2
6288 3
6289 3
6290 2
6291 3
6292 3
6293 3
6294 2
6295 3
6296 3
6297 3
6298 2
6299 3
6300 3
6301 2
6302 3
6303 3
6304 3
6305 2
6306 3
6307 3
6308 2
6309 3
6310 3
6311 3
6312 2
6313 3
6314 3
6315 2
6316 3
6317 3
6318 3
6319 2
6320 3
6321 3
6322 2
6323 3
6324 3
6325 3
6326 2
6327 3
6328 3
6329 3
6330 2
6331 3
6332 3
6333 2
6334 3
6335 3
6336 3
6337 2
6338 3
6339 3
6340 2
6341 3
6342 3
6343 3
6344 2
6345 3
6346 3
6347 2
6348 3
6349 3
6350 3
6351 2
6352 3
6353 3
6354 2
6355 3
6356 3
6357 3
6358 2
6359 3
6360 3
6361 2
6362 3
6363 3
6364 3
6365 2
6366 3
6367 3
6368 3
6369 2
6370 3
6371 3
6372 2
6373 3
6374 3
6375 3
6376 2
6377 3
6378 3
6379 2
6380 3
6381 3
6382 3
6383 2
6384 3
6385 3
6386 2
6387 3
6388 3
6389 3
6390 2
6391 3
6392 3
6393 2
6394 3
6395 3
6396 3
6397 2
6398 3
6399 3
6400 3
6401 2
6402 3
6403 3
6404 2
6405 3
6406 3
6407 3
6408 2
6409 3
6410 3
6411 2
6412 3
6413 3
6414 3
6415 2
6416 3
6417 3
6418 2
6419 3
6420 3
6421 3
6422 2
6423 3
6424 3
6425 2
6426 3
6427 3
6428 3
6429 2
6430 3
6431 3
6432 2
6433 3
6434 3
6435 3
6436 2
6437 3
6438 3
6439 3
6440 2
6441 3
6442 3
6443 2
6444 3
6445 3
6446 3
6447 2
6448 3
6449 3
6450 2
6451 3
6452 3
6453 3
6454 2
6455 3
6456 3
6457 2
6458 3
6459 3
6460 3
6461 2
6462 3
6463 3
6464 2
6465 3
6466 3
6467 3
6468 2
6469 3
6470 3
6471 3
6472 2
6473 3
6474 3
6475 2
6476 3
6477 3
6478 3
6479 2
6480 3
6481 3
6482 2
6483 3
6484 3
6485 3
6486 2
6487 3
6488 3
6489 2
6490 3
6491 3
6492 3
6493 2
6494 3
6495 3
6496 2
6497 3
6498 3
6499 3
6500 2
6501 3
6502 3
6503 2
6504 3
6505 3
6506 3
6507 2
6508 3
6509 3
6510 3
6511 2
6512 3
6513 3
6514 2
6515 3
6516 3
6517 3
6518 2
6519 3
6520 3
6521 2
6522 3
6523 3
6524 3
6525 2
6526 3
6527 3
6528 2
6529 3
6530 3
6531 3
6532 2
6533 3
6534 3
6535 2
6536 3
6537 3
6538 3
6539 2
6540 3
6541 3
6542 2
6543 3
6544 3
6545 3
6546 2
6547 3
6548 3
6549 3
6550 2
6551 3
6552 3
6553 2
6554 3
6555 3
6556 3
6557 2
6558 3
6559 3
6560 2
6561 3
6562 3
6563 3
6564 2
6565 3
6566 3
6567 2
6568 3
6569 3
6570 3
6571 2
6572 3
6573 3
6574 2
6575 3
6576 3
6577 3
6578 2
6579 3
6580 3
6581 3
6582 2
6583 3
6584 3
6585 2
6586 3
6587 3
6588 3
6589 2
6590 3
6591 3
6592 2
6593 3
6594 3
6595 3
6596 2
6597 3
6598 3
6599 2
6600 3
6601 3
6602 3
6603 2
6604 3
6605 3
6606 2
6607 3
6608 3
6609 3
6610 2
6611 3
6612 3
6613 2
6614 3
6615 3
6616 3
6617 2
6618 3
6619 3
6620 3
6621 2
6622 3
6623 3
6624 2
6625 3
6626 3
6627 3
6628 2
6629 3
6630 3
6631 2
6632 3
6633 3
6634 3
6635 2
6636 3
6637 3
6638 2
6639 3
6640 3
6641 3
6642 2
6643 3
6644 3
6645 2
6646 3
6647 3
6648 3
6649 2
6650 3
6651 3
6652 3
6653 2
6654 3
6655 3
6656 2
6657 3
6658 3
6659 3
6660 2
6661 3
6662 3
6663 2
6664 3
6665 3
6666 3
6667 2
6668 3
6669 3
6670 2
6671 3
6672 3
6673 3
6674 2
6675 3
6676 3
6677 2
6678 3
6679 3
6680 3
6681 2
6682 3
6683 3
6684 2
6685 3
6686 3
6687 3
6688 2
6689 3
6690 3
6691 3
6692 2
6693 3
6694 3
6695 2
6696 3
6697 3
6698 3
6699 2
6700 3
6701 3
6702 2
6703 3
6704 3
6705 3
6706 2
6707 3
6708 3
6709 2
6710 3
6711 3
6712 3
6713 2
6714 3
6715 3
6716 2
6717 3
6718 3
6719 3
6720 2
6721 3
6722 3
6723 3
6724 2
6725 3
6726 3
6727 2
6728 3
6729 3
6730 3
6731 2
6732 3
6733 3
6734 2
6735 3
6736 3
6737 3
6738 2
6739 3
6740 3
6741 2
6742 3
6743 3
6744 3
6745 2
6746 3
6747 3
6748 2
6749 3
6750 3
6751 3
6752 2
6753 3
6754 3
6755 2
6756 3
6757 3
6758 3
6759 2
6760 3
6761 3
6762 3
6763 2
6764 3
6765 3
6766 2
6767 3
6768 3
6769 3
6770 2
6771 3
6772 3
6773 2
6774 3
6775 3
6776 3
6777 2
6778 3
6779 3
6780 2
6781 3
6782 3
6783 3
6784 2
6785 3
6786 3
6787 2
6788 3
6789 3
6790 3
6791 2
6792 3
6793 3
6794 3
6795 2
6796 3
6797 3
6798 2
6799 3
6800 3
6801 3
6802 2
6803 3
6804 3
6805 2
6806 3
6807 3
6808 3
6809 2
6810 3
6811 3
6812 2
6813 3
6814 3
6815 3
6816 2
6817 3
6818 3
6819 2
6820 3
6821 3
6822 3
6823 2
6824 3
6825 3
6826 2
6827 3
6828 3
6829 3
6830 2
6831 3
6832 3
6833 3
6834 2
6835 3
6836 3
6837 2
6838 3
6839 3
6840 3
6841 2
6842 3
6843 3
6844 2
6845 3
6846 3
6847 3
6848 2
6849 3
6850 3
6851 2
6852 3
6853 3
6854 3
6855 2
6856 3
6857 3
6858 2
6859 3
6860 3
6861 3
6862 2
6863 3
6864 3
6865 3
6866 2
6867 3
6868 3
6869 2
6870 3
6871 3
6872 3
6873 2
6874 3
6875 3
6876 2
6877 3
6878 3
6879 3
6880 2
6881 3
6882 3
6883 2
6884 3
6885 3
6886 3
6887 2
6888 3
6889 3
6890 2
6891 3
6892 3
6893 3
6894 2
6895 3
6896 3
6897 2
6898 3
6899 3
6900 3
6901 2
6902 3
6903 3
6904 3
6905 2
6906 3
6907 3
6908 2
6909 3
6910 3
6911 3
6912 2
6913 3
6914 3
6915 2
6916 3
6917 3
6918 3
6919 2
6920 3
6921 3
6922 2
6923 3
6924 3
6925 3
6926 2
6927 3
6928 3
6929 2
6930 3
6931 3
6932 3
6933 2
6934 3
6935 3
6936 3
6937 2
6938 3
6939 3
6940 2
6941 3
6942 3
6943 3
6944 2
6945 3
6946 3
6947 2
6948 3
6949 3
6950 3
6951 2
6952 3
6953 3
6954 2
6955 3
6956 3
6957 3
6958 2
6959 3
6960 3
6961 2
6962 3
6963 3
6964 3
6965 2
6966 3
6967 3
6968 2
6969 3
6970 3
6971 3
6972 2
6973 3
6974 3
6975 3
6976 2
6977 3
6978 3
6979 2
6980 3
6981 3
6982 3
6983 2
6984 3
6985 3
6986 2
6987 3
6988 3
6989 3
6990 2
6991 3
6992 3
6993 2
6994 3
6995 3
6996 3
6997 2
6998 3
6999 3
7000 2
7001 3
7002 3
7003 3
7004 2
7005 3
7006 3
7007 3
7008 2
7009 3
7010 3
7011 2
7012 3
7013 3
7014 3
7015 2
7016 3
7017 3
7018 2
7019 3
7020 3
7021 3
7022 2
7023 3
7024 3
7025 2
7026 3
7027 3
7028 3
7029 2
7030 3
7031 3
7032 2
7033 3
7034 3
7035 3
7036 2
7037 3
7038 3
7039 2
7040 3
7041 3
7042 3
7043 2
7044 3
7045 3
7046 3
7047 2
7048 3
7049 3
7050 2
7051 3
7052 3
7053 3
7054 2
7055 3
7056 3
7057 2
7058 3
7059 3
7060 3
7061 2
7062 3
7063 3
7064 2
7065 3
7066 3
7067 3
7068 2
7069 3
7070 3
7071 2
7072 3
7073 3
7074 3
7075 2
7076 3
7077 3
7078 2
7079 3
7080 3
7081 3
7082 2
7083 3
7084 3
7085 3
7086 2
7087 3
7088 3
7089 2
7090 3
7091 3
7092 3
7093 2
7094 3
7095 3
7096 2
7097 3
7098 3
7099 3
7100 2
7101 3
7102 3
7103 2
7104 3
7105 3
7106 3
7107 2
7108 3
7109 3
7110 2
7111 3
7112 3
7113 3
7114 2
7115 3
7116 3
7117 3
7118 2
7119 3
7120 3
7121 2
7122 3
7123 3
7124 3
7125 2
7126 3
7127 3
7128 2
7129 3
7130 3
7131 3
7132 2
7133 3
7134 3
7135 2
7136 3
7137 3
7138 3
7139 2
7140 3
7141 3
7142 2
7143 3
7144 3
7145 3
7146 2
7147 3
7148 3
7149 2
7150 3
7151 3
7152 3
7153 2
7154 3
7155 3
7156 3
7157 2
7158 3
7159 3
7160 2
7161 3
7162 3
7163 3
7164 2
7165 3
7166 3
7167 2
7168 3
7169 3
7170 3
7171 2
7172 3
7173 3
7174 2
7175 3
7176 3
7177 3
7178 2
7179 3
7180 3
7181 2
7182 3
7183 3
7184 3
7185 2
7186 3
7187 3
7188 3
7189 2
7190 3
7191 3
7192 2
7193 3
7194 3
7195 3
7196 2
7197 3
7198 3
7199 2
7200 3
7201 3
7202 3
7203 2
7204 3
7205 3
7206 2
7207 3
7208 3
7209 3
7210 2
7211 3
7212 3
7213 2
7214 3
7215 3
7216 3
7217 2
7218 3
7219 3
7220 2
7221 3
7222 3
7223 3
7224 2
7225 3
7226 3
7227 3
7228 2
7229 3
7230 3
7231 2
7232 3
7233 3
7234 3
7235 2
7236 3
7237 3
7238 2
7239 3
7240 3
7241 3
7242 2
7243 3
7244 3
7245 2
7246 3
7247 3
7248 3
7249 2
7250 3
7251 3
7252 2
7253 3
7254 3
7255 3
7256 2
7257 3
7258 3
7259 3
7260 2
7261 3
7262 3
7263 2
7264 3
7265 3
7266 3
7267 2
7268 3
7269 3
7270 2
7271 3
7272 3
7273 3
7274 2
7275 3
7276 3
7277 2
7278 3
7279 3
7280 3
7281 2
7282 3
7283 3
7284 2
7285 3
7286 3
7287 3
7288 2
7289 3
7290 3
7291 2
7292 3
7293 3
7294 3
7295 2
7296 3
7297 3
7298 3
7299 2
7300 3
7301 3
7302 2
7303 3
7304 3
7305 3
7306 2
7307 3
7308 3
7309 2
7310 3
7311 3
7312 3
7313 2
7314 3
7315 3
7316 2
7317 3
7318 3
7319 3
7320 2
7321 3
7322 3
7323 2
7324 3
7325 3
7326 3
7327 2
7328 3
7329 3
7330 3
7331 2
7332 3
7333 3
7334 2
7335 3
7336 3
7337 3
7338 2
7339 3
7340 3
7341 2
7342 3
7343 3
7344 3
7345 2
7346 3
7347 3
7348 2
7349 3
7350 3
7351 3
7352 2
7353 3
7354 3
7355 2
7356 3
7357 3
7358 3
7359 2
7360 3
7361 3
7362 2
7363 3
7364 3
7365 3
7366 2
7367 3
7368 3
7369 3
7370 2
7371 3
7372 3
7373 2
7374 3
7375 3
7376 3
7377 2
7378 3
7379 3
7380 2
7381 3
7382 3
7383 3
7384 2
7385 3
7386 3
7387 2
7388 3
7389 3
7390 3
7391 2
7392 3
7393 3
7394 2
7395 3
7396 3
7397 3
7398 2
7399 3
7400 3
7401 3
7402 2
7403 3
7404 3
7405 2
7406 3
7407 3
7408 3
7409 2
7410 3
7411 3
7412 2
7413 3
7414 3
7415 3
7416 2
7417 3
7418 3
7419 2
7420 3
7421 3
7422 3
7423 2
7424 3
7425 3
7426 2
7427 3
7428 3
7429 3
7430 2
7431 3
7432 3
7433 2
7434 3
7435 3
7436 3
7437 2
7438 3
7439 3
7440 3
7441 2
7442 3
7443 3
7444 2
7445 3
7446 3
7447 3
7448 2
7449 3
7450 3
7451 2
7452 3
7453 3
7454 3
7455 2
7456 3
7457 3
7458 2
7459 3
7460 3
7461 3
7462 2
7463 3
7464 3
7465 2
7466 3
7467 3
7468 3
7469 2
7470 3
7471 3
7472 3
7473 2
7474 3
7475 3
7476 2
7477 3
7478 3
7479 3
7480 2
7481 3
7482 3
7483 2
7484 3
7485 3
7486 3
7487 2
7488 3
7489 3
7490 2
7491 3
7492 3
7493 3
7494 2
7495 3
7496 3
7497 2
7498 3
7499 3
7500 3
7501 2
7502 3
7503 3
7504 2
7505 3
7506 3
7507 3
7508 2
7509 3
7510 3
7511 3
7512 2
7513 3
7514 3
7515 2
7516 3
7517 3
7518 3
7519 2
7520 3
7521 3
7522 2
7523 3
7524 3
7525 3
7526 2
7527 3
7528 3
7529 2
7530 3
7531 3
7532 3
7533 2
7534 3
7535 3
7536 2
7537 3
7538 3
7539 3
7540 2
7541 3
7542 3
7543 2
7544 3
7545 3
7546 3
7547 2
7548 3
7549 3
7550 3
7551 2
7552 3
7553 3
7554 2
7555 3
7556 3
7557 3
7558 2
7559 3
7560 3
7561 2
7562 3
7563 3
7564 3
7565 2
7566 3
7567 3
7568 2
7569 3
7570 3
7571 3
7572 2
7573 3
7574 3
7575 2
7576 3
7577 3
7578 3
7579 2
7580 3
7581 3
7582 3
7583 2
7584 3
7585 3
7586 2
7587 3
7588 3
7589 3
7590 2
7591 3
7592 3
7593 2
7594 3
7595 3
7596 3
7597 2
7598 3
7599 3
7600 2
7601 3
7602 3
7603 3
7604 2
7605 3
7606 3
7607 2
7608 3
7609 3
7610 3
7611 2
7612 3
7613 3
7614 2
7615 3
7616 3
7617 3
7618 2
7619 3
7620 3
7621 3
7622 2
7623 3
7624 3
7625 2
7626 3
7627 3
7628 3
7629 2
7630 3
7631 3
7632 2
7633 3
7634 3
7635 3
7636 2
7637 3
7638 3
7639 2
7640 3
7641 3
7642 3
7643 2
7644 3
7645 3
7646 2
7647 3
7648 3
7649 3
7650 2
7651 3
7652 3
7653 3
7654 2
7655 3
7656 3
7657 2
7658 3
7659 3
7660 3
7661 2
7662 3
7663 3
7664 2
7665 3
7666 3
7667 3
7668 2
7669 3
7670 3
7671 2
7672 3
7673 3
7674 3
7675 2
7676 3
7677 3
7678 2
7679 3
7680 3
7681 3
7682 2
7683 3
7684 3
7685 2
7686 3
7687 3
7688 3
7689 2
7690 3
7691 3
7692 3
7693 2
7694 3
7695 3
7696 2
7697 3
7698 3
7699 3
7700 2
7701 3
7702 3
7703 2
7704 3
7705 3
7706 3
7707 2
7708 3
7709 3
7710 2
7711 3
7712 3
7713 3
7714 2
7715 3
7716 3
7717 2
7718 3
7719 3
7720 3
7721 2
7722 3
7723 3
7724 3
7725 2
7726 3
7727 3
7728 2
7729 3
7730 3
7731 3
7732 2
7733 3
7734 3
7735 2
7736 3
7737 3
7738 3
7739 2
7740 3
7741 3
7742 2
7743 3
7744 3
7745 3
7746 2
7747 3
7748 3
7749 2
7750 3
7751 3
7752 3
7753 2
7754 3
7755 3
7756 2
7757 3
7758 3
7759 3
7760 2
7761 3
7762 3
7763 3
7764 2
7765 3
7766 3
7767 2
7768 3
7769 3
7770 3
7771 2
7772 3
7773 3
7774 2
7775 3
7776 3
7777 3
7778 2
7779 3
7780 3
7781 2
7782 3
7783 3
7784 3
7785 2
7786 3
7787 3
7788 2
7789 3
7790 3
7791 3
7792 2
7793 3
7794 3
7795 3
7796 2
7797 3
7798 3
7799 2
7800 3
7801 3
7802 3
7803 2
7804 3
7805 3
7806 2
7807 3
7808 3
7809 3
7810 2
7811 3
7812 3
7813 2
7814 3
7815 3
7816 3
7817 2
7818 3
7819 3
7820 2
7821 3
7822 3
7823 3
7824 2
7825 3
7826 3
7827 2
7828 3
7829 3
7830 3
7831 2
7832 3
7833 3
7834 3
7835 2
7836 3
7837 3
7838 2
7839 3
7840 3
7841 3
7842 2
7843 3
7844 3
7845 2
7846 3
7847 3
7848 3
7849 2
7850 3
7851 3
7852 2
7853 3
7854 3
7855 3
7856 2
7857 3
7858 3
7859 2
7860 3
7861 3
7862 3
7863 2
7864 3
7865 3
7866 3
7867 2
7868 3
7869 3
7870 2
7871 3
7872 3
7873 3
7874 2
7875 3
7876 3
7877 2
7878 3
7879 3
7880 3
7881 2
7882 3
7883 3
7884 2
7885 3
7886 3
7887 3
7888 2
7889 3
7890 3
7891 2
7892 3
7893 3
7894 3
7895 2
7896 3
7897 3
7898 2
7899 3
7900 3
7901 3
7902 2
7903 3
7904 3
7905 3
7906 2
7907 3
7908 3
7909 2
7910 3
7911 3
7912 3
7913 2
7914 3
7915 3
7916 2
7917 3
7918 3
7919 3
7920 2
7921 3
7922 3
7923 2
7924 3
7925 3
7926 3
7927 2
7928 3
7929 3
7930 2
7931 3
7932 3
7933 3
7934 2
7935 3
7936 3
7937 3
7938 2
7939 3
7940 3
7941 2
7942 3
7943 3
7944 3
7945 2
7946 3
7947 3
7948 2
7949 3
7950 3
7951 3
7952 2
7953 3
7954 3
7955 2
7956 3
7957 3
7958 3
7959 2
7960 3
7961 3
7962 2
7963 3
7964 3
7965 3
7966 2
7967 3
7968 3
7969 2
7970 3
7971 3
7972 3
7973 2
7974 3
7975 3
7976 3
7977 2
7978 3
7979 3
7980 2
7981 3
7982 3
7983 3
7984 2
7985 3
7986 3
7987 2
7988 3
7989 3
7990 3
7991 2
7992 3
7993 3
7994 2
7995 3
7996 3
7997 3
7998 2
7999 3
8000 3
8001 2
8002 3
8003 3
8004 3
8005 2
8006 3
8007 3
8008 3
8009 2
8010 3
8011 3
8012 2
8013 3
8014 3
8015 3
8016 2
8017 3
8018 3
8019 2
8020 3
8021 3
8022 3
8023 2
8024 3
8025 3
8026 2
8027 3
8028 3
8029 3
8030 2
8031 3
8032 3
8033 2
8034 3
8035 3
8036 3
8037 2
8038 3
8039 3
8040 2
8041 3
8042 3
8043 3
8044 2
8045 3
8046 3
8047 3
8048 2
8049 3
8050 3
8051 2
8052 3
8053 3
8054 3
8055 2
8056 3
8057 3
8058 2
8059 3
8060 3
8061 3
8062 2
8063 3
8064 3
8065 2
8066 3
8067 3
8068 3
8069 2
8070 3
8071 3
8072 2
8073 3
8074 3
8075 3
8076 2
8077 3
8078 3
8079 2
8080 3
8081 3
8082 3
8083 2
8084 3
8085 3
8086 3
8087 2
8088 3
8089 3
8090 2
8091 3
8092 3
8093 3
8094 2
8095 3
8096 3
8097 2
8098 3
8099 3
8100 3
8101 2
8102 3
8103 3
8104 2
8105 3
8106 3
8107 3
8108 2
8109 3
8110 3
8111 2
8112 3
8113 3
8114 3
8115 2
8116 3
8117 3
8118 3
8119 2
8120 3
8121 3
8122 2
8123 3
8124 3
8125 3
8126 2
8127 3
8128 3
8129 2
8130 3
8131 3
8132 3
8133 2
8134 3
8135 3
8136 2
8137 3
8138 3
8139 3
8140 2
8141 3
8142 3
8143 2
8144 3
8145 3
8146 3
8147 2
8148 3
8149 3
8150 2
8151 3
8152 3
8153 3
8154 2
8155 3
8156 3
8157 3
8158 2
8159 3
8160 3
8161 2
8162 3
8163 3
8164 3
8165 2
8166 3
8167 3
8168 2
8169 3
8170 3
8171 3
8172 2
8173 3
8174 3
8175 2
8176 3
8177 3
8178 3
8179 2
8180 3
8181 3
8182 2
8183 3
8184 3
8185 3
8186 2
8187 3
8188 3
8189 3
8190 2
8191 3
8192 3
8193 2
8194 3
8195 3
8196 3
8197 2
8198 3
8199 3
8200 2
8201 3
8202 3
8203 3
8204 2
8205 3
8206 3
8207 2
8208 3
8209 3
8210 3
8211 2
8212 3
8213 3
8214 2
8215 3
8216 3
8217 3
8218 2
8219 3
8220 3
8221 2
8222 3
8223 3
8224 3
8225 2
8226 3
8227 3
8228 3
8229 2
8230 3
8231 3
8232 2
8233 3
8234 3
8235 3
8236 2
8237 3
8238 3
8239 2
8240 3
8241 3
8242 3
8243 2
8244 3
8245 3
8246 2
8247 3
8248 3
8249 3
8250 2
8251 3
8252 3
8253 2
8254 3
8255 3
8256 3
8257 2
8258 3
8259 3
8260 3
8261 2
8262 3
8263 3
8264 2
8265 3
8266 3
8267 3
8268 2
8269 3
8270 3
8271 2
8272 3
8273 3
8274 3
8275 2
8276 3
8277 3
8278 2
8279 3
8280 3
8281 3
8282 2
8283 3
8284 3
8285 2
8286 3
8287 3
8288 3
8289 2
8290 3
8291 3
8292 2
8293 3
8294 3
8295 3
8296 2
8297 3
8298 3
8299 3
8300 2
8301 3
8302 3
8303 2
8304 3
8305 3
8306 3
8307 2
8308 3
8309 3
8310 2
8311 3
8312 3
8313 3
8314 2
8315 3
8316 3
8317 2
8318 3
8319 3
8320 3
8321 2
8322 3
8323 3
8324 2
8325 3
8326 3
8327 3
8328 2
8329 3
8330 3
8331 3
8332 2
8333 3
8334 3
8335 2
8336 3
8337 3
8338 3
8339 2
8340 3
8341 3
8342 2
8343 3
8344 3
8345 3
8346 2
8347 3
8348 3
8349 2
8350 3
8351 3
8352 3
8353 2
8354 3
8355 3
8356 2
8357 3
8358 3
8359 3
8360 2
8361 3
8362 3
8363 2
8364 3
8365 3
8366 3
8367 2
8368 3
8369 3
8370 3
8371 2
8372 3
8373 3
8374 2
8375 3
8376 3
8377 3
8378 2
8379 3
8380 3
8381 2
8382 3
8383 3
8384 3
8385 2
8386 3
8387 3
8388 2
8389 3
8390 3
8391 3
8392 2
8393 3
8394 3
8395 2
8396 3
8397 3
8398 3
8399 2
8400 3
8401 3
8402 3
8403 2
8404 3
8405 3
8406 2
8407 3
8408 3
8409 3
8410 2
8411 3
8412 3
8413 2
8414 3
8415 3
8416 3
8417 2
8418 3
8419 3
8420 2
8421 3
8422 3
8423 3
8424 2
8425 3
8426 3
8427 2
8428 3
8429 3
8430 3
8431 2
8432 3
8433 3
8434 2
8435 3
8436 3
8437 3
8438 2
8439 3
8440 3
8441 3
8442 2
8443 3
8444 3
8445 2
8446 3
8447 3
8448 3
8449 2
8450 3
8451 3
8452 2
8453 3
8454 3
8455 3
8456 2
8457 3
8458 3
8459 2
8460 3
8461 3
8462 3
8463 2
8464 3
8465 3
8466 2
8467 3
8468 3
8469 3
8470 2
8471 3
8472 3
8473 3
8474 2
8475 3
8476 3
8477 2
8478 3
8479 3
8480 3
8481 2
8482 3
8483 3
8484 2
8485 3
8486 3
8487 3
8488 2
8489 3
8490 3
8491 2
8492 3
8493 3
8494 3
8495 2
8496 3
8497 3
8498 2
8499 3
8500 3
8501 3
8502 2
8503 3
8504 3
8505 2
8506 3
8507 3
8508 3
8509 2
8510 3
8511 3
8512 3
8513 2
8514 3
8515 3
8516 2
8517 3
8518 3
8519 3
8520 2
8521 3
8522 3
8523 2
8524 3
8525 3
8526 3
8527 2
8528 3
8529 3
8530 2
8531 3
8532 3
8533 3
8534 2
8535 3
8536 3
8537 2
8538 3
8539 3
8540 3
8541 2
8542 3
8543 3
8544 2
8545 3
8546 3
8547 3
8548 2
8549 3
8550 3
8551 3
8552 2
8553 3
8554 3
8555 2
8556 3
8557 3
8558 3
8559 2
8560 3
8561 3
8562 2
8563 3
8564 3
8565 3
8566 2
8567 3
8568 3
8569 2
8570 3
8571 3
8572 3
8573 2
8574 3
8575 3
8576 2
8577 3
8578 3
8579 3
8580 2
8581 3
8582 3
8583 3
8584 2
8585 3
8586 3
8587 2
8588 3
8589 3
8590 3
8591 2
8592 3
8593 3
8594 2
8595 3
8596 3
8597 3
8598 2
8599 3
8600 3
8601 2
8602 3
8603 3
8604 3
8605 2
8606 3
8607 3
8608 2
8609 3
8610 3
8611 3
8612 2
8613 3
8614 3
8615 2
8616 3
8617 3
8618 3
8619 2
8620 3
8621 3
8622 3
8623 2
8624 3
8625 3
8626 2
8627 3
8628 3
8629 3
8630 2
8631 3
8632 3
8633 2
8634 3
8635 3
8636 3
8637 2
8638 3
8639 3
8640 2
8641 3
8642 3
8643 3
8644 2
8645 3
8646 3
8647 2
8648 3
8649 3
8650 3
8651 2
8652 3
8653 3
8654 3
8655 2
8656 3
8657 3
8658 2
8659 3
8660 3
8661 3
8662 2
8663 3
8664 3
8665 2
8666 3
8667 3
8668 3
8669 2
8670 3
8671 3
8672 2
8673 3
8674 3
8675 3
8676 2
8677 3
8678 3
8679 2
8680 3
8681 3
8682 3
8683 2
8684 3
8685 3
8686 2
8687 3
8688 3
8689 3
8690 2
8691 3
8692 3
8693 3
8694 2
8695 3
8696 3
8697 2
8698 3
8699 3
8700 3
8701 2
8702 3
8703 3
8704 2
8705 3
8706 3
8707 3
8708 2
8709 3
8710 3
8711 2
8712 3
8713 3
8714 3
8715 2
8716 3
8717 3
8718 2
8719 3
8720 3
8721 3
8722 2
8723 3
8724 3
8725 3
8726 2
8727 3
8728 3
8729 2
8730 3
8731 3
8732 3
8733 2
8734 3
8735 3
8736 2
8737 3
8738 3
8739 3
8740 2
8741 3
8742 3
8743 2
8744 3
8745 3
8746 3
8747 2
8748 3
8749 3
8750 2
8751 3
8752 3
8753 3
8754 2
8755 3
8756 3
8757 2
8758 3
8759 3
8760 3
8761 2
8762 3
8763 3
8764 3
8765 2
8766 3
8767 3
8768 2
8769 3
8770 3
8771 3
8772 2
8773 3
8774 3
8775 2
8776 3
8777 3
8778 3
8779 2
8780 3
8781 3
8782 2
8783 3
8784 3
8785 3
8786 2
8787 3
8788 3
8789 2
8790 3
8791 3
8792 3
8793 2
8794 3
8795 3
8796 3
8797 2
8798 3
8799 3
8800 2
8801 3
8802 3
8803 3
8804 2
8805 3
8806 3
8807 2
8808 3
8809 3
8810 3
8811 2
8812 3
8813 3
8814 2
8815 3
8816 3
8817 3
8818 2
8819 3
8820 3
8821 2
8822 3
8823 3
8824 3
8825 2
8826 3
8827 3
8828 2
8829 3
8830 3
8831 3
8832 2
8833 3
8834 3
8835 3
8836 2
8837 3
8838 3
8839 2
8840 3
8841 3
8842 3
8843 2
8844 3
8845 3
8846 2
8847 3
8848 3
8849 3
8850 2
8851 3
8852 3
8853 2
8854 3
8855 3
8856 3
8857 2
8858 3
8859 3
8860 2
8861 3
8862 3
8863 3
8864 2
8865 3
8866 3
8867 3
8868 2
8869 3
8870 3
8871 2
8872 3
8873 3
8874 3
8875 2
8876 3
8877 3
8878 2
8879 3
8880 3
8881 3
8882 2
8883 3
8884 3
8885 2
8886 3
8887 3
8888 3
8889 2
8890 3
8891 3
8892 2
8893 3
8894 3
8895 3
8896 2
8897 3
8898 3
8899 2
8900 3
8901 3
8902 3
8903 2
8904 3
8905 3
8906 3
8907 2
8908 3
8909 3
8910 2
8911 3
8912 3
8913 3
8914 2
8915 3
8916 3
8917 2
8918 3
8919 3
8920 3
8921 2
8922 3
8923 3
8924 2
8925 3
8926 3
8927 3
8928 2
8929 3
8930 3
8931 2
8932 3
8933 3
8934 3
8935 2
8936 3
8937 3
8938 3
8939 2
8940 3
8941 3
8942 2
8943 3
8944 3
8945 3
8946 2
8947 3
8948 3
8949 2
8950 3
8951 3
8952 3
8953 2
8954 3
8955 3
8956 2
8957 3
8958 3
8959 3
8960 2
8961 3
8962 3
8963 2
8964 3
8965 3
8966 3
8967 2
8968 3
8969 3
8970 2
8971 3
8972 3
8973 3
8974 2
8975 3
8976 3
8977 3
8978 2
8979 3
8980 3
8981 2
8982 3
8983 3
8984 3
8985 2
8986 3
8987 3
8988 2
8989 3
8990 3
8991 3
8992 2
8993 3
8994 3
8995 2
8996 3
8997 3
8998 3
8999 2
9000 3
9001 3
9002 2
9003 3
9004 3
9005 3
9006 2
9007 3
9008 3
9009 3
9010 2
9011 3
9012 3
9013 2
9014 3
9015 3
9016 3
9017 2
9018 3
9019 3
9020 2
9021 3
9022 3
9023 3
9024 2
9025 3
9026 3
9027 2
9028 3
9029 3
9030 3
9031 2
9032 3
9033 3
9034 2
9035 3
9036 3
9037 3
9038 2
9039 3
9040 3
9041 2
9042 3
9043 3
9044 3
9045 2
9046 3
9047 3
9048 3
9049 2
9050 3
9051 3
9052 2
9053 3
9054 3
9055 3
9056 2
9057 3
9058 3
9059 2
9060 3
9061 3
9062 3
9063 2
9064 3
9065 3
9066 2
9067 3
9068 3
9069 3
9070 2
9071 3
9072 3
9073 2
9074 3
9075 3
9076 3
9077 2
9078 3
9079 3
9080 2
9081 3
9082 3
9083 3
9084 2
9085 3
9086 3
9087 3
9088 2
9089 3
9090 3
9091 2
9092 3
9093 3
9094 3
9095 2
9096 3
9097 3
9098 2
9099 3
9100 3
9101 3
9102 2
9103 3
9104 3
9105 2
9106 3
9107 3
9108 3
9109 2
9110 3
9111 3
9112 2
9113 3
9114 3
9115 3
9116 2
9117 3
9118 3
9119 3
9120 2
9121 3
9122 3
9123 2
9124 3
9125 3
9126 3
9127 2
9128 3
9129 3
9130 2
9131 3
9132 3
9133 3
9134 2
9135 3
9136 3
9137 2
9138 3
9139 3
9140 3
9141 2
9142 3
9143 3
9144 2
9145 3
9146 3
9147 3
9148 2
9149 3
9150 3
9151 2
9152 3
9153 3
9154 3
9155 2
9156 3
9157 3
9158 3
9159 2
9160 3
9161 3
9162 2
9163 3
9164 3
9165 3
9166 2
9167 3
9168 3
9169 2
9170 3
9171 3
9172 3
9173 2
9174 3
9175 3
9176 2
9177 3
9178 3
9179 3
9180 2
9181 3
9182 3
9183 2
9184 3
9185 3
9186 3
9187 2
9188 3
9189 3
9190 3
9191 2
9192 3
9193 3
9194 2
9195 3
9196 3
9197 3
9198 2
9199 3
9200 3
9201 2
9202 3
9203 3
9204 3
9205 2
9206 3
9207 3
9208 2
9209 3
9210 3
9211 3
9212 2
9213 3
9214 3
9215 2
9216 3
9217 3
9218 3
9219 2
9220 3
9221 3
9222 2
9223 3
9224 3
9225 3
9226 2
9227 3
9228 3
9229 3
9230 2
9231 3
9232 3
9233 2
9234 3
9235 3
9236 3
9237 2
9238 3
9239 3
9240 2
9241 3
9242 3
9243 3
9244 2
9245 3
9246 3
9247 2
9248 3
9249 3
9250 3
9251 2
9252 3
9253 3
9254 2
9255 3
9256 3
9257 3
9258 2
9259 3
9260 3
9261 3
9262 2
9263 3
9264 3
9265 2
9266 3
9267 3
9268 3
9269 2
9270 3
9271 3
9272 2
9273 3
9274 3
9275 3
9276 2
9277 3
9278 3
9279 2
9280 3
9281 3
9282 3
9283 2
9284 3
9285 3
9286 2
9287 3
9288 3
9289 3
9290 2
9291 3
9292 3
9293 2
9294 3
9295 3
9296 3
9297 2
9298 3
9299 3
9300 3
9301 2
9302 3
9303 3
9304 2
9305 3
9306 3
9307 3
9308 2
9309 3
9310 3
9311 2
9312 3
9313 3
9314 3
9315 2
9316 3
9317 3
9318 2
9319 3
9320 3
9321 3
9322 2
9323 3
9324 3
9325 2
9326 3
9327 3
9328 3
9329 2
9330 3
9331 3
9332 3
9333 2
9334 3
9335 3
9336 2
9337 3
9338 3
9339 3
9340 2
9341 3
9342 3
9343 2
9344 3
9345 3
9346 3
9347 2
9348 3
9349 3
9350 2
9351 3
9352 3
9353 3
9354 2
9355 3
9356 3
9357 2
9358 3
9359 3
9360 3
9361 2
9362 3
9363 3
9364 2
9365 3
9366 3
9367 3
9368 2
9369 3
9370 3
9371 3
9372 2
9373 3
9374 3
9375 2
9376 3
9377 3
9378 3
9379 2
9380 3
9381 3
9382 2
9383 3
9384 3
9385 3
9386 2
9387 3
9388 3
9389 2
9390 3
9391 3
9392 3
9393 2
9394 3
9395 3
9396 2
9397 3
9398 3
9399 3
9400 2
9401 3
9402 3
9403 3
9404 2
9405 3
9406 3
9407 2
9408 3
9409 3
9410 3
9411 2
9412 3
9413 3
9414 2
9415 3
9416 3
9417 3
9418 2
9419 3
9420 3
9421 2
9422 3
9423 3
9424 3
9425 2
9426 3
9427 3
9428 2
9429 3
9430 3
9431 3
9432 2
9433 3
9434 3
9435 2
9436 3
9437 3
9438 3
9439 2
9440 3
9441 3
9442 3
9443 2
9444 3
9445 3
9446 2
9447 3
9448 3
9449 3
9450 2
9451 3
9452 3
9453 2
9454 3
9455 3
9456 3
9457 2
9458 3
9459 3
9460 2
9461 3
9462 3
9463 3
9464 2
9465 3
9466 3
9467 2
9468 3
9469 3
9470 3
9471 2
9472 3
9473 3
9474 3
9475 2
9476 3
9477 3
9478 2
9479 3
9480 3
9481 3
9482 2
9483 3
9484 3
9485 2
9486 3
9487 3
9488 3
9489 2
9490 3
9491 3
9492 2
9493 3
9494 3
9495 3
9496 2
9497 3
9498 3
9499 2
9500 3
9501 3
9502 3
9503 2
9504 3
9505 3
9506 2
9507 3
9508 3
9509 3
9510 2
9511 3
9512 3
9513 3
9514 2
9515 3
9516 3
9517 2
9518 3
9519 3
9520 3
9521 2
9522 3
9523 3
9524 2
9525 3
9526 3
9527 3
9528 2
9529 3
9530 3
9531 2
9532 3
9533 3
9534 3
9535 2
9536 3
9537 3
9538 2
9539 3
9540 3
9541 3
9542 2
9543 3
9544 3
9545 3
9546 2
9547 3
9548 3
9549 2
9550 3
9551 3
9552 3
9553 2
9554 3
9555 3
9556 2
9557 3
9558 3
9559 3
9560 2
9561 3
9562 3
9563 2
9564 3
9565 3
9566 3
9567 2
9568 3
9569 3
9570 2
9571 3
9572 3
9573 3
9574 2
9575 3
9576 3
9577 2
9578 3
9579 3
9580 3
9581 2
9582 3
9583 3
9584 3
9585 2
9586 3
9587 3
9588 2
9589 3
9590 3
9591 3
9592 2
9593 3
9594 3
9595 2
9596 3
9597 3
9598 3
9599 2
9600 3
9601 3
9602 2
9603 3
9604 3
9605 3
9606 2
9607 3
9608 3
9609 2
9610 3
9611 3
9612 3
9613 2
9614 3
9615 3
9616 2
9617 3
9618 3
9619 3
9620 2
9621 3
9622 3
9623 3
9624 2
9625 3
9626 3
9627 2
9628 3
9629 3
9630 3
9631 2
9632 3
9633 3
9634 2
9635 3
9636 3
9637 3
9638 2
9639 3
9640 3
9641 2
9642 3
9643 3
9644 3
9645 2
9646 3
9647 3
9648 2
9649 3
9650 3
9651 3
9652 2
9653 3
9654 3
9655 3
9656 2
9657 3
9658 3
9659 2
9660 3
9661 3
9662 3
9663 2
9664 3
9665 3
9666 2
9667 3
9668 3
9669 3
9670 2
9671 3
9672 3
9673 2
9674 3
9675 3
9676 3
9677 2
9678 3
9679 3
9680 2
9681 3
9682 3
9683 3
9684 2
9685 3
9686 3
9687 2
9688 3
9689 3
9690 3
9691 2
9692 3
9693 3
9694 3
9695 2
9696 3
9697 3
9698 2
9699 3
9700 3
9701 3
9702 2
9703 3
9704 3
9705 2
9706 3
9707 3
9708 3
9709 2
9710 3
9711 3
9712 2
9713 3
9714 3
9715 3
9716 2
9717 3
9718 3
9719 2
9720 3
9721 3
9722 3
9723 2
9724 3
9725 3
9726 3
9727 2
9728 3
9729 3
9730 2
9731 3
9732 3
9733 3
9734 2
9735 3
9736 3
9737 2
9738 3
9739 3
9740 3
9741 2
9742 3
9743 3
9744 2
9745 3
9746 3
9747 3
9748 2
9749 3
9750 3
9751 2
9752 3
9753 3
9754 3
9755 2
9756 3
9757 3
9758 2
9759 3
9760 3
9761 3
9762 2
9763 3
9764 3
9765 3
9766 2
9767 3
9768 3
9769 2
9770 3
9771 3
9772 3
9773 2
9774 3
9775 3
9776 2
9777 3
9778 3
9779 3
9780 2
9781 3
9782 3
9783 2
9784 3
9785 3
9786 3
9787 2
9788 3
9789 3
9790 2
9791 3
9792 3
9793 3
9794 2
9795 3
9796 3
9797 3
9798 2
9799 3
9800 3
9801 2
9802 3
9803 3
9804 3
9805 2
9806 3
9807 3
9808 2
9809 3
9810 3
9811 3
9812 2
9813 3
9814 3
9815 2
9816 3
9817 3
9818 3
9819 2
9820 3
9821 3
9822 2
9823 3
9824 3
9825 3
9826 2
9827 3
9828 3
9829 2
9830 3
9831 3
9832 3
9833 2
9834 3
9835 3
9836 3
9837 2
9838 3
9839 3
9840 2
9841 3
9842 3
9843 3
9844 2
9845 3
9846 3
9847 2
9848 3
9849 3
9850 3
9851 2
9852 3
9853 3
9854 2
9855 3
9856 3
9857 3
9858 2
9859 3
9860 3
9861 2
9862 3
9863 3
9864 3
9865 2
9866 3
9867 3
9868 3
9869 2
9870 3
9871 3
9872 2
9873 3
9874 3
9875 3
9876 2
9877 3
9878 3
9879 2
9880 3
9881 3
9882 3
9883 2
9884 3
9885 3
9886 2
9887 3
9888 3
9889 3
9890 2
9891 3
9892 3
9893 2
9894 3
9895 3
9896 3
9897 2
9898 3
9899 3
9900 2
9901 3
9902 3
9903 3
9904 2
9905 3
9906 3
9907 3
9908 2
9909 3
9910 3
9911 2
9912 3
9913 3
9914 3
9915 2
9916 3
9917 3
9918 2
9919 3
9920 3
9921 3
9922 2
9923 3
9924 3
9925 2
9926 3
9927 3
9928 3
9929 2
9930 3
9931 3
9932 2
9933 3
9934 3
9935 3
9936 2
9937 3
9938 3
9939 3
9940 2
9941 3
9942 3
9943 2
9944 3
9945 3
9946 3
9947 2
9948 3
9949 3
9950 2
9951 3
9952 3
9953 3
9954 2
9955 3
9956 3
9957 2
9958 3
9959 3
9960 3
9961 2
9962 3
9963 3
9964 2
9965 3
9966 3
9967 3
9968 2
9969 3
9970 3
9971 2
9972 3
9973 3
9974 3
9975 2
9976 3
9977 3
9978 3
9979 2
9980 3
9981 3
9982 2
9983 3
9984 3
9985 3
9986 2
9987 3
9988 3
9989 2
9990 3
9991 3
9992 3
9993 2
9994 3
9995 3
9996 2
9997 3
9998 3
9999 3
