100
4 2
5 2
6 2
1000 1000
1000 1
390745 346871
640785 619647
858072 842235
500000 500000
850892 759255
1000000 1
999999 499999
1000000 127
776373 634630
500000 262144
999999 999999
999999 524287
999999 524288
500000 237856
999999 281309
969602 801766
500000 128
394187 325932
489265 401200
1000000 475712
500000 237915
1000000 262143
912248 686934
1000000 128
404906 386399
500000 237857
666128 611148
999999 128
1000000 524288
522085 469080
500000 499999
780336 624289
769468 653144
500000 262143
1000000 1000000
999999 475712
624884 478976
434080 369869
1000000 505033
780331 720475
1000000 500000
269595 234921
563402 475099
288925 221500
500000 131071
305534 299414
1000000 475713
625253 512622
999999 127
1000000 524287
280630 225542
500000 201685
827132 791491
999999 475711
979010 976260
999999 1
466536 442558
500000 249998
1000000 999999
895222 785127
2 2
500000 1
5 1
500000 249999
500000 2
468270 464703
312130 270526
732540 635620
999999 262143
999999 999998
361682 274623
1 1
858398 669563
999999 499997
2 1
337860 276530
999999 499390
3 2
946303 870307
3 1
970111 768008
999999 499998
500000 127
500000 131072
4 1
500000 250000
1000000 499998
1000000 453267
1000000 262144
999999 262144
999999 2
1000000 499999
281668 243842
684398 566258
1000000 2
