3.500000000 11.000000000 0.000000000
0.875000000 3.666666667 0.666666667
4.000000000 -3.000000000 -3.000000000
6.166666667 2.000000000
6.166666667 9.000000000 2.000000000
0.208333333 3.000000000 0.666666667
-4.000000000 -3.000000000 -3.000000000
7.000000000 1.375000000
7.000000000 8.375000000 1.375000000
1.750000000 2.791666667 0.458333333
-4.000000000 -3.000000000 3.000000000
5.166666667 0.000000000
5.166666667 7.000000000 0.000000000
1.291666667 2.333333333 0.666666667
-4.000000000 -3.000000000 -3.000000000
2.500000000 2.000000000
2.500000000 5.000000000 2.000000000
0.625000000 1.666666667 0.666666667
4.000000000 -3.000000000 -3.000000000
0.000000000 0.125000000
0.000000000 3.125000000 0.125000000
1.750000000 1.041666667 0.041666667
4.000000000 -3.000000000 3.000000000
0.166666667 0.000000000
0.166666667 3.000000000 0.000000000
1.708333333 1.000000000 0.666666667
4.000000000 -3.000000000 -3.000000000
2.833333333 2.000000000
2.833333333 1.000000000 2.000000000
1.041666667 0.333333333 0.666666667
4.000000000 3.000000000 -3.000000000
4.166666667 1.000000000
