100
3 3
1 2 1
1 3 6
2 3 4
6 5
1 2 6
3 4 0
5 6 7
3 5 1
4 6 2
3 2
1 2 0
2 3 10
4 3
1 2 0
1 3 1
1 4 2
2 1
1 2 0
2 1
1 2 1
10 36
1 2 0
2 7 5
2 9 7
1 4 2
1 8 6
1 6 4
1 10 8
2 3 1
2 5 3
6 9 59858
4 6 94726
1 9 58457
3 6 32507
7 8 86435
7 10 27833
5 9 89397
3 4 43141
4 9 87677
9 10 22529
6 8 49642
5 10 70320
3 5 3925
1 3 19763
8 10 90077
3 10 95602
3 8 50759
5 8 85001
4 10 97331
2 6 238
3 7 414
5 6 70639
4 5 10400
1 5 44505
2 4 10970
8 9 22613
3 9 32761
10 44
1 8 83564
1 6 16829
3 4 37680
4 5 84394
3 6 87746
4 9 10592
7 8 73539
4 7 46423
3 9 62396
2 7 1775
8 9 10855
2 6 30813
3 7 31710
2 10 11763
4 8 20861
1 9 21851
5 7 50132
1 4 28055
6 8 86240
4 10 45936
6 10 14441
5 9 67638
5 8 38895
2 4 27983
3 5 33428
7 10 57235
6 9 81271
4 6 81857
2 5 95632
3 8 35207
1 5 20171
5 10 33679
1 2 12323
7 9 30309
2 3 36096
6 7 96570
1 7 80863
5 6 50295
2 8 89524
3 10 5253
1 3 32371
8 10 9583
1 10 40564
2 9 39498
10 33
8 10 13924
3 10 10886
1 7 78254
4 8 37899
2 7 25713
2 5 5397
7 10 58785
1 3 6676
4 10 14641
3 4 4435
3 7 27000
5 9 98120
2 8 45476
6 10 52716
6 8 89030
1 4 95201
6 7 40196
7 8 26767
3 8 5060
2 3 70399
4 5 75705
5 6 32369
3 9 37032
3 6 65482
1 9 4924
1 10 81523
1 6 11683
5 10 97570
1 5 65620
5 7 11921
2 10 10133
7 9 51380
3 5 26725
10 14
4 7 35584
2 5 29094
4 8 63321
8 9 2484
1 4 89922
5 10 59937
5 6 43038
4 10 92138
9 10 50750
3 7 14595
7 10 58576
7 8 77407
1 3 77295
5 7 51662
10 11
1 8 23185
3 10 24407
2 9 83314
4 5 10357
7 10 19727
4 7 63126
2 6 54305
5 6 20572
1 7 98998
1 4 37619
2 3 6674
10 11
4 9 55580
3 10 73905
1 7 55990
4 7 61325
4 6 71678
2 3 97102
1 4 89835
1 8 11488
3 8 17579
1 2 24081
5 6 63944
10 39
1 3 19218
2 7 46286
5 6 71286
2 6 79896
4 6 31341
1 10 46182
3 5 27323
3 7 59264
1 8 40906
1 5 28345
7 9 3044
6 10 86761
1 9 17856
6 7 47893
5 9 88678
3 10 23794
2 5 50834
5 7 982
5 8 29942
4 5 5214
3 4 22587
8 9 27644
1 7 88973
3 9 98440
1 2 34192
3 6 18995
5 10 76563
4 9 20059
8 10 23351
7 10 8071
2 4 30038
4 8 20524
4 10 78274
1 6 14087
6 9 97299
7 8 82137
9 10 77830
1 4 43726
6 8 39754
10 13
6 9 88839
4 8 98732
1 6 20971
3 8 42534
2 8 65089
9 10 95896
7 10 58559
1 10 37255
3 4 95779
2 5 60283
4 9 50942
5 7 51167
2 7 69215
10 45
4 5 70582
8 10 24908
7 8 2267
1 4 92583
5 9 70767
6 9 90221
1 10 30475
5 7 51389
8 9 91880
3 4 67413
5 8 80100
2 10 90920
2 4 66017
2 9 35793
1 8 16293
1 6 96711
3 7 78075
6 10 30577
3 8 25638
5 6 94600
1 7 33619
7 10 348
7 9 84337
2 8 80695
5 10 97010
3 9 94413
1 5 70201
9 10 82652
4 7 40510
1 2 68473
2 7 15898
4 10 28234
3 10 37974
2 6 24049
3 6 99303
3 5 64485
4 9 83097
6 8 92993
2 5 45943
4 8 83432
6 7 90567
4 6 81012
1 9 46
2 3 98876
1 3 50213
10 13
4 8 79902
3 10 80979
6 8 54593
1 2 91667
4 7 75567
2 5 17780
3 6 22386
2 3 53310
2 8 42047
8 9 16136
6 7 26185
3 8 84543
7 8 62414
10 24
3 5 35841
3 8 63076
4 8 35241
4 7 51126
6 9 32852
4 5 11435
1 2 53807
2 10 39845
1 6 78586
1 5 13565
1 9 46000
4 10 38593
4 6 54849
5 6 69319
8 9 65746
6 7 67702
3 4 75531
2 4 48797
1 7 83892
5 10 86470
2 3 97099
4 9 66712
1 8 9986
2 5 98015
10 35
3 8 48785
1 10 97829
2 5 15287
1 9 85478
3 9 78073
5 8 33073
1 8 45768
1 7 24905
4 8 6625
3 4 41828
6 7 43687
8 10 18426
3 5 80378
9 10 4076
2 6 84176
6 9 76821
5 7 1359
7 10 95516
4 7 15426
3 7 18205
4 5 14790
8 9 57402
2 3 37522
7 9 49071
1 3 40401
4 10 46053
5 10 19499
2 8 18110
2 4 1815
1 4 88174
4 9 54626
6 8 65841
1 6 3727
3 10 70295
5 9 7726
10 24
4 10 78843
5 9 49039
1 6 62229
2 4 50976
8 10 18744
2 5 81339
4 6 34310
1 5 17132
1 3 7692
3 4 22770
6 9 87697
1 9 6539
4 9 10136
8 9 84653
2 6 82417
2 3 80110
5 6 34564
3 9 98291
9 10 852
7 8 8462
1 4 6469
2 10 4018
5 7 34868
3 7 82985
10 39
3 8 37687
1 3 70677
7 8 24706
5 10 41450
1 8 35430
2 4 46795
2 7 4011
4 7 46165
1 7 56951
1 6 59393
1 2 50289
3 5 55800
3 6 51144
6 9 1602
5 8 98464
5 6 46155
4 10 18505
6 7 57278
2 6 9965
8 9 72143
1 9 4968
6 8 44206
3 7 63019
7 9 19748
2 5 58617
2 10 91771
4 9 83564
1 10 92958
4 5 63045
3 4 86588
4 6 15404
3 9 50536
5 9 17968
9 10 87111
7 10 51423
4 8 3322
8 10 83478
2 8 36747
2 9 55391
10 19
2 10 63906
1 9 69819
6 8 37022
1 2 26674
6 9 24406
1 5 49225
7 10 37982
8 9 20330
3 5 92918
5 8 89572
5 7 36293
2 6 95068
3 6 50393
2 7 97498
7 9 50091
1 10 33347
3 10 14513
4 6 88632
4 5 17039
10 31
2 4 398
6 9 7030
3 8 72173
6 8 81701
7 9 77643
8 9 78225
2 6 88324
5 6 71314
3 6 18002
2 10 7825
1 8 62593
8 10 53778
2 9 94118
6 7 70277
4 7 34173
4 8 80545
2 3 42458
7 10 85396
1 7 75859
5 8 74058
7 8 11474
3 5 24482
4 9 28770
4 6 77213
3 9 67662
1 4 46920
1 3 51013
1 9 34450
4 5 70307
9 10 57093
2 5 18016
10 15
1 4 95304
2 6 38268
6 7 96583
5 8 8926
2 8 50377
4 10 6228
3 9 30000
1 2 99010
3 5 6995
1 3 83923
3 10 59835
1 7 70872
4 6 65280
3 8 54619
8 10 77365
10 24
4 9 33492
4 5 80244
4 7 55494
2 8 86971
5 7 70933
3 10 20617
6 10 67145
1 3 84379
5 10 4598
3 7 93790
3 9 14757
1 8 16486
9 10 20674
3 8 52641
4 10 67702
7 10 77681
5 8 45430
2 10 57805
5 6 66737
5 9 62467
1 7 60819
6 7 14799
3 6 87067
3 4 87106
10 42
3 7 78769
4 10 87877
7 8 37192
1 9 16364
1 4 42658
5 10 46249
3 9 19657
1 2 97316
2 7 28943
1 5 26445
6 9 73690
1 10 27893
1 3 14058
6 7 16139
4 5 43540
2 5 13630
3 6 45209
1 6 65802
3 8 84188
7 10 89896
5 8 75779
5 7 35166
2 8 27352
3 10 38348
1 8 54274
4 7 607
4 9 98186
8 10 98821
8 9 25766
2 3 87379
5 6 64747
2 10 21463
3 5 99551
1 7 9882
9 10 52038
4 6 13552
2 6 84769
3 4 87819
7 9 9259
2 9 91673
6 10 36421
4 8 90574
10 39
4 7 22776
1 7 99455
6 10 52087
6 7 86818
2 4 48494
2 5 95090
5 9 28647
4 9 83928
3 5 53868
5 7 93622
3 4 42339
4 5 83578
1 2 55684
2 9 76006
9 10 70624
2 8 29592
3 8 58224
2 10 47176
6 9 37699
8 9 7370
5 6 28387
3 10 8824
4 6 81401
1 10 50214
3 9 45674
5 10 15154
3 6 9947
1 9 33505
2 3 72213
7 10 33345
1 6 8068
3 7 29379
7 9 11259
2 6 44736
2 7 61391
4 10 69033
6 8 27243
7 8 81489
1 3 634
10 24
1 10 78017
6 8 2364
5 6 21410
4 9 65838
1 2 40250
3 4 89555
1 9 59049
1 5 39710
6 9 61462
1 6 515
3 10 20161
2 6 2125
2 7 611
4 7 25747
4 5 20292
3 5 90916
2 9 58293
3 7 95050
5 7 2888
5 10 38033
4 6 61822
8 10 76150
2 4 79734
7 9 92172
10 22
2 5 38021
2 7 23696
3 10 74051
7 8 71586
8 9 72149
4 6 68056
3 9 79190
3 4 49113
2 8 60978
3 8 10394
1 9 92618
7 10 84894
2 6 18422
1 8 46156
1 4 26146
1 7 36352
4 9 76713
6 7 52977
4 10 72994
3 7 15369
6 8 71831
4 5 51104
10 27
1 5 61283
4 9 5052
3 10 59323
2 7 36786
3 5 55346
4 5 66478
7 8 81807
5 10 38928
5 6 78038
7 10 20361
5 9 74660
6 9 18475
3 6 62439
5 8 34149
2 3 55630
6 10 17423
4 7 16373
1 4 11123
1 10 40005
6 8 35104
1 2 37784
2 4 84047
1 7 10847
7 9 79870
2 9 38989
3 8 67615
4 10 11177
10 11
2 5 65185
3 9 5053
3 10 90618
9 10 88685
2 10 95341
5 6 64074
2 3 78753
1 7 59368
4 10 39068
2 8 72365
6 7 65019
10 45
3 8 64146
2 10 8322
3 9 64990
7 9 51103
1 8 55930
1 3 81293
1 5 18037
1 2 8712
6 10 31599
7 8 44524
3 10 853
2 8 71801
5 6 52281
3 4 96104
3 6 14544
4 8 28304
4 7 1758
6 8 90539
8 10 19951
4 5 28556
2 7 33227
6 9 48470
1 7 21098
9 10 91170
1 10 40619
1 9 22495
6 7 17101
1 4 44853
1 6 81310
2 6 72588
5 9 75633
3 5 93455
2 4 37288
5 7 8827
5 10 78155
5 8 81008
4 9 20651
3 7 35215
8 9 63868
4 10 89242
4 6 6263
2 9 15826
2 3 94223
7 10 65041
2 5 87742
10 44
3 4 16622
9 10 73526
4 9 24581
8 9 72518
3 6 30026
3 5 66272
6 9 47895
1 5 11005
2 10 82223
3 10 4348
5 6 39932
3 9 16982
1 3 20647
5 8 25254
3 7 81093
2 8 76124
1 4 54426
4 8 28668
8 10 91089
7 8 76777
2 4 71800
2 7 63703
4 6 2867
1 2 25766
1 10 88596
1 8 51849
1 7 10205
5 10 9337
3 8 82196
1 6 71954
2 5 81760
4 7 62526
1 9 83796
7 9 20315
4 10 63697
5 9 48317
4 5 25375
5 7 69094
2 9 88029
6 10 98014
7 10 15184
6 7 54206
2 6 4567
2 3 94092
10 15
3 6 72939
4 9 28559
1 8 67915
4 8 98847
3 7 22809
8 9 18430
3 4 57325
3 5 197
7 9 16866
6 8 61798
2 10 14107
2 3 63808
7 10 41558
3 10 5556
6 9 35469
10 38
3 8 30021
1 3 19118
1 6 45720
1 2 45814
5 7 90024
7 8 69931
5 8 74654
1 4 16929
1 9 26964
2 4 96269
3 10 17193
7 9 75389
8 9 25994
1 8 6058
4 5 51995
4 6 31989
5 6 32432
3 4 45064
4 7 46854
2 5 83908
5 10 3148
2 10 34523
3 9 87375
2 3 6459
6 7 65567
1 10 78809
6 8 32855
8 10 72793
4 9 11241
4 10 28803
2 8 54035
9 10 41226
5 9 3328
4 8 32390
6 9 39644
1 7 24328
2 6 72168
2 7 39032
10 15
1 8 35271
3 8 77878
4 5 32207
1 9 9696
3 10 3538
2 10 73414
2 3 36114
6 7 25416
6 9 32753
5 7 47770
4 6 51627
2 7 69789
4 8 3985
3 7 77764
3 9 17577
10 42
3 8 89882
7 10 96520
2 8 4720
6 8 78944
4 6 6329
3 7 94562
7 9 428
1 4 89287
7 8 29455
6 10 30653
3 4 49614
3 5 13179
4 9 10484
8 10 48365
1 10 21687
2 6 54198
5 8 33945
1 8 75891
3 9 14756
4 5 93203
2 3 16194
2 7 55318
9 10 61167
4 7 85305
2 4 57864
3 6 5401
1 5 17424
5 7 71487
5 9 99605
1 3 53198
6 7 96624
2 5 8069
4 8 46731
2 9 72514
1 7 14298
1 6 55698
6 9 72696
5 10 72698
3 10 61972
8 9 16660
4 10 22455
1 2 69080
10 25
5 8 58044
2 5 23051
4 10 17866
6 7 52662
3 9 620
1 4 35648
7 10 39673
1 5 27856
3 5 32678
1 7 46454
2 3 98221
3 4 20534
4 6 36211
1 2 44497
2 7 27997
1 8 39334
9 10 19042
1 10 10234
5 10 80530
4 7 21716
2 9 53200
3 10 20726
4 8 91509
2 8 55330
6 10 13975
10 18
2 8 35694
1 9 2641
4 9 66034
3 10 64960
8 10 46741
5 6 11835
2 7 79466
5 10 43504
4 10 73273
6 9 33573
7 8 52220
5 7 54292
6 8 93865
4 7 49963
2 5 86644
2 9 43685
4 5 4760
1 8 35819
10 27
7 8 36342
4 7 88967
1 9 25841
5 7 24603
2 4 46911
6 10 30199
8 9 19944
5 8 7190
1 6 18927
3 6 95425
4 10 70183
8 10 28013
3 5 99179
1 5 5602
5 9 92474
1 4 70482
1 3 68607
4 5 72586
2 3 36141
3 9 65224
1 7 51544
2 9 53113
1 2 22916
3 8 26404
7 9 15423
2 5 28148
2 10 28195
10 25
2 9 40886
1 2 52607
1 9 86038
3 10 44195
2 3 84255
3 8 30929
3 4 54068
2 10 77228
1 10 2573
4 9 32527
3 5 53188
6 8 29610
2 5 22709
3 9 21138
1 6 84002
4 7 75775
8 10 47058
2 4 75669
5 6 43624
1 5 24505
4 5 64995
8 9 19282
1 3 63554
1 7 83573
7 10 7249
10 24
2 7 17
2 8 38750
4 9 24892
2 3 29488
2 9 82814
1 2 82179
4 8 24996
5 10 53433
3 10 51067
3 7 66011
4 7 61380
2 10 46615
4 6 17496
9 10 17292
1 10 60380
8 10 62376
1 8 61110
3 9 95760
5 7 3498
2 4 13842
3 8 10551
5 8 65606
5 6 72431
3 4 65853
10 37
5 10 86076
4 6 71014
2 3 1483
7 8 19909
1 6 85547
6 8 10864
6 7 69413
2 9 45513
1 3 91268
6 10 17984
3 5 95946
8 10 32999
1 2 74601
4 8 17507
2 7 56341
6 9 78359
3 9 7696
1 10 85289
3 10 18561
4 9 78807
5 6 69410
2 8 70596
4 7 42116
2 4 50529
1 7 43730
5 9 33405
5 8 56333
8 9 11916
7 9 6121
9 10 2806
2 5 26390
3 7 8968
2 10 9376
1 4 59113
1 8 54164
4 5 14699
5 7 32830
10 29
4 5 52413
3 10 47774
3 8 23651
1 8 16622
5 10 61025
3 9 48178
4 9 65238
2 3 30947
2 10 90788
7 8 4317
5 9 86379
2 9 24973
3 4 78626
6 8 64896
4 10 52877
2 7 98053
6 9 92049
2 8 86181
2 4 67864
6 10 66883
8 9 94087
4 8 98202
1 2 40966
2 6 65124
7 10 81747
4 7 41880
6 7 33622
5 6 56616
1 7 58975
10 27
3 7 88944
5 6 11358
1 8 94838
3 4 59266
1 3 36579
5 8 20207
6 9 41653
2 5 29531
3 8 56235
6 8 67435
6 7 71977
2 6 48579
5 10 51820
4 7 3493
1 6 58701
4 9 58575
2 7 6923
1 10 51102
2 3 68298
1 9 52159
7 9 73654
4 5 85171
1 7 33382
4 10 43414
3 5 65671
1 2 6901
4 6 65592
10 33
4 5 89773
6 10 98616
5 7 12500
1 6 2200
9 10 72472
6 8 33003
2 3 35073
1 2 93124
4 9 87761
2 7 89627
5 8 36687
3 5 95726
1 3 15550
7 9 87843
7 10 9956
6 7 6293
8 9 31800
4 8 11847
2 9 51652
1 5 89305
3 10 91199
5 10 82993
1 9 39587
7 8 68856
3 8 5780
4 6 19730
2 6 22289
4 10 70498
5 6 9932
2 5 18275
3 9 21950
2 8 47487
1 4 79637
10 44
6 8 78791
2 3 91716
6 7 32371
7 9 55645
7 10 17259
1 8 40283
1 3 48035
5 6 81569
1 2 56262
3 6 6460
2 10 29283
5 8 59362
3 5 12207
1 9 42057
8 9 63087
2 9 61336
1 10 9005
3 8 42249
3 9 58417
3 4 88877
6 9 32389
9 10 77292
5 10 16919
4 8 33442
8 10 50979
2 6 98061
1 7 26
1 5 20188
4 6 68705
2 8 63520
1 6 47577
2 4 18357
4 5 69066
2 5 54909
7 8 37499
3 10 15274
3 7 96205
2 7 78197
4 9 45844
6 10 87371
4 7 56529
5 9 16520
4 10 25784
5 7 45004
10 33
2 7 68472
4 7 53885
1 10 44029
1 9 97200
2 4 82479
3 4 34794
1 4 31250
7 10 67672
3 6 56104
2 3 85386
4 8 10486
3 7 32109
3 8 49455
3 10 19911
6 10 14593
5 9 70159
7 8 79523
2 5 52282
5 8 9737
1 7 57063
1 2 26351
1 6 70239
8 9 12037
4 6 75618
1 8 75386
5 10 44013
5 7 87917
4 9 87832
6 9 98702
2 8 17827
2 6 69370
8 10 79125
3 9 25634
10 42
5 7 89741
2 8 52632
5 9 82081
1 2 49873
5 8 71023
2 5 71075
2 10 3687
3 7 31917
3 6 66767
3 10 17416
5 6 99552
4 7 19678
5 10 95572
1 9 10046
4 10 19214
2 9 21339
4 5 62856
3 4 8317
2 6 10984
2 3 53557
7 8 711
3 5 62828
3 8 88682
4 8 3330
4 9 21939
1 7 52996
7 10 97146
6 7 88545
6 10 45152
3 9 40835
2 7 65930
6 9 78595
1 5 72333
6 8 1448
1 4 70648
1 3 1473
2 4 6090
1 8 50317
9 10 21189
1 6 24689
1 10 82054
8 10 48233
10 16
6 9 23090
5 6 43959
1 3 57903
4 5 2211
9 10 41181
8 9 1789
1 4 62993
4 8 45985
5 8 78974
2 9 93140
7 9 96398
2 5 3617
2 6 35240
2 3 75420
5 10 65934
3 6 46373
10 10
7 8 60942
1 2 65935
2 9 28564
2 6 30623
5 10 47678
6 7 90651
4 6 4124
6 8 43630
4 9 34326
2 3 47067
10 26
1 8 15895
1 10 48593
2 4 27245
2 7 91070
3 8 16872
2 8 94633
6 7 56278
1 2 77880
7 10 23592
5 7 18216
8 9 58630
1 5 39221
1 4 18236
2 5 51254
9 10 74013
1 7 78083
5 9 49236
4 6 97047
3 5 0
1 6 92274
3 6 32819
4 8 92111
7 9 58350
6 9 47139
8 10 90196
4 5 45796
10 34
1 3 87289
2 6 23230
4 10 82761
5 10 33281
1 10 3367
4 9 86150
3 4 26188
3 6 96246
6 10 59458
2 5 76752
6 8 45322
4 7 23168
2 10 0
3 8 3515
1 9 5602
4 8 31787
8 9 90145
5 7 16052
5 6 55166
2 4 63259
2 9 7789
1 6 8889
7 9 68046
1 2 94584
9 10 60661
1 7 56847
8 10 55985
1 8 73348
2 7 43007
7 8 7518
1 4 53200
6 9 49763
6 7 52605
2 8 68503
10 34
1 5 71058
3 9 97616
7 10 8765
5 6 82998
1 7 59646
8 10 5724
8 9 86041
4 9 82163
1 4 80795
4 7 26087
1 8 27860
7 8 77949
6 9 80209
1 6 0
3 8 1220
3 4 36044
6 7 4216
3 6 53374
2 6 40151
9 10 3508
1 9 79694
3 7 56312
7 9 12482
2 10 63196
2 7 96886
2 4 63147
3 10 11430
6 8 73329
2 9 95687
2 5 59203
1 3 25000
5 8 99190
4 8 26144
2 8 94458
10 23
3 5 82118
2 7 24138
4 5 61624
5 9 57042
7 10 55910
1 6 60927
2 5 68545
9 10 36562
7 8 99214
3 4 17642
6 8 66461
4 7 18725
4 6 97581
3 9 47534
3 10 10905
1 10 13343
8 9 93102
6 10 22011
2 3 30142
5 10 58137
7 9 40973
4 10 0
2 8 36780
10 22
4 6 97000
2 9 95681
1 5 42896
8 10 38996
5 10 33960
9 10 90379
5 6 4163
4 9 4874
4 5 0
8 9 49635
1 3 26647
1 4 80200
1 9 25267
2 8 81502
1 7 62842
5 9 53234
4 8 88183
3 6 19545
2 3 18064
2 5 7476
3 10 63339
5 8 74376
10 22
6 7 17732
4 6 0
5 6 87743
2 8 56168
1 4 70113
6 8 58992
3 4 84817
4 10 96845
2 3 77488
5 7 15429
3 10 28091
2 10 73509
1 8 91304
2 6 6372
7 10 94208
7 8 83521
3 9 27678
3 8 92896
8 9 9959
5 8 21022
7 9 78573
1 2 93556
10 27
4 8 34846
3 10 46247
2 10 5223
1 10 45147
1 2 95683
4 10 0
5 7 89755
2 5 29649
2 6 9338
1 3 80973
5 9 8621
4 5 89808
2 3 96030
1 6 47310
5 8 54246
7 10 94095
5 6 82501
4 6 75350
6 10 16636
4 9 4964
1 4 70175
2 4 35613
7 8 99072
4 7 96887
8 9 77772
2 8 65600
5 10 44233
10 19
5 8 23783
4 7 29656
3 9 64793
1 4 52841
7 9 0
2 6 16689
1 5 36145
5 6 85726
3 5 35672
4 9 48133
7 10 43962
2 3 24842
9 10 61366
1 2 80857
8 10 96915
5 10 5194
1 7 87705
2 5 67053
3 6 44670
10 40
8 9 17688
6 9 86519
6 7 22330
1 10 86022
4 9 83540
1 9 61076
4 8 78134
5 6 96620
1 6 89936
4 7 80946
1 4 83660
2 9 63520
3 9 16765
9 10 28813
2 8 40579
6 8 66094
4 10 88087
3 6 41308
7 10 68848
5 8 85595
2 6 16475
4 5 76580
6 10 86040
1 2 72043
3 5 21383
8 10 84046
5 7 48428
1 3 5203
7 9 48361
3 8 57182
1 8 0
1 7 69865
2 10 5641
7 8 62611
2 4 53189
4 6 81800
2 3 36228
5 9 83133
2 7 70283
3 10 5695
10 21
4 8 77951
5 10 87782
1 5 21988
4 6 36175
3 4 15445
4 10 85039
6 7 3175
3 7 51436
6 10 21697
6 8 62888
2 5 96231
3 10 50753
4 7 88964
2 10 93268
2 4 8674
3 5 3786
7 9 0
1 6 15713
1 3 27657
1 10 25440
3 6 39942
10 37
3 9 57992
4 5 25320
6 9 12798
5 10 81093
9 10 90932
3 6 25036
2 8 28730
7 8 22488
8 9 81033
7 9 50599
2 3 52309
5 6 34266
1 2 48959
6 8 25742
4 8 12578
4 7 6812
1 7 67365
1 6 56368
4 10 33093
3 7 72071
2 7 78383
2 9 72568
1 3 74432
1 10 11995
1 9 30505
2 10 74845
4 6 40720
3 5 20374
2 6 25840
6 7 80904
8 10 18603
6 10 34104
4 9 0
5 9 68198
7 10 82879
1 5 59101
2 5 80775
10 20
8 9 29610
4 8 68900
2 3 98617
5 8 97822
5 6 56604
2 8 34396
3 6 85720
2 4 39764
3 10 88076
6 8 89295
7 8 20239
5 9 30182
1 9 33374
1 5 75901
6 9 88544
5 7 50530
2 9 40375
1 8 0
6 7 37219
2 10 48923
10 39
4 5 52166
8 10 15006
7 8 0
3 4 37186
4 8 84815
9 10 80384
4 7 69236
4 6 13075
2 4 75070
1 3 43277
5 8 33672
2 10 64307
7 9 98460
3 6 11354
2 5 88504
7 10 98870
1 7 16444
1 6 15574
8 9 41368
5 7 58275
6 10 31158
6 8 30022
4 10 80268
3 9 91941
2 9 32882
5 9 48891
3 8 86546
1 9 61132
6 7 88495
6 9 38617
5 10 45909
2 3 82842
1 10 32110
1 5 70290
3 7 75214
5 6 24160
1 4 88322
2 8 51641
4 9 53628
10 21
2 8 84540
4 8 59782
4 6 18062
5 9 15323
5 8 60338
6 8 8152
4 9 77907
3 6 63736
4 10 38831
3 10 73987
6 7 51684
2 6 10352
7 10 78688
1 10 13804
2 5 53374
1 3 11764
5 7 0
4 7 76534
2 7 7244
3 5 9089
5 6 81711
10 22
6 8 66993
2 4 49471
5 7 66046
2 5 75934
3 9 87758
6 7 78472
4 9 54634
5 6 6355
2 7 54438
3 7 0
1 8 47521
4 10 39059
7 8 57104
2 9 83080
1 6 11317
5 8 87374
1 3 91363
2 3 12873
7 10 89255
1 2 60108
2 8 47024
3 6 64211
10 21
3 5 78703
5 10 79942
1 2 70298
7 9 81100
2 8 96972
2 6 68273
1 4 0
4 9 82779
1 8 81057
7 8 37370
1 3 21469
4 7 72232
5 9 49148
5 6 77735
3 10 59615
2 9 9188
2 5 27872
4 6 74201
8 10 87438
1 7 90140
1 5 60132
10 11
4 7 4164
2 10 16953
6 7 26137
8 9 93115
1 7 69322
2 3 4037
4 5 0
5 7 63501
7 10 16459
7 8 92342
6 8 19524
10 33
1 9 17626
1 3 37166
1 8 8657
7 8 13010
6 7 66038
6 9 72900
3 8 93904
4 10 40757
7 10 0
1 4 50795
3 5 53169
8 10 50625
2 3 89685
6 8 51949
8 9 31829
1 5 24250
4 8 96065
4 5 230
6 10 69297
2 7 94356
2 5 55381
5 7 49231
4 9 676
3 10 11836
2 8 25434
3 6 66820
1 10 61183
7 9 18509
1 6 3958
2 9 50176
2 10 13859
5 10 57731
2 6 55832
10 27
1 10 75164
2 6 56687
2 9 51345
8 10 33583
2 10 30449
2 7 5449
5 7 94487
2 5 96495
1 8 0
5 6 60170
5 8 48016
4 6 88377
2 8 93821
6 7 25606
4 7 7877
4 5 5221
3 4 17512
7 8 16853
2 3 49543
1 3 68422
4 9 90286
3 7 37983
6 9 81215
5 9 66124
7 10 50384
3 8 2881
1 9 59530
10 43
2 8 87465
5 10 5965
2 3 14608
6 10 81392
3 4 471
2 7 72878
5 9 99722
1 8 78128
8 10 6253
2 5 6331
4 6 88385
7 9 16744
3 9 9143
1 7 31200
4 10 82188
2 4 76553
5 6 64446
6 9 81504
7 8 82303
1 5 89344
8 9 9660
4 7 50120
1 4 4574
6 8 43674
3 6 5580
5 7 33483
2 10 34062
4 8 38737
1 3 68414
3 5 4424
4 5 16704
3 10 31475
5 8 0
3 7 73932
1 2 11736
4 9 91290
1 9 54097
6 7 42197
2 6 35115
9 10 52610
1 6 2318
2 9 28889
3 8 71737
10 41
3 6 84178
6 8 18062
3 9 38954
6 9 45652
3 5 24173
6 10 63970
8 10 38092
7 10 39464
2 4 18435
7 9 81799
4 5 29774
2 8 90814
6 7 28098
1 5 85139
2 7 59500
5 9 85980
2 9 46169
4 10 81148
5 7 84670
1 4 93251
1 8 0
5 8 67729
1 10 11852
2 10 7518
4 9 99475
4 7 79203
9 10 59603
8 9 71169
5 10 21438
2 5 90860
1 3 31003
1 7 78883
3 10 37005
4 8 18797
4 6 84539
2 6 77415
7 8 79956
5 6 79053
1 2 22448
1 6 1603
3 7 15788
10 17
2 10 10949
2 8 43679
1 9 77012
1 8 710
9 10 39181
8 9 28982
2 4 0
4 7 32345
2 7 41134
2 5 53049
2 9 12008
5 10 85465
4 6 40898
3 10 44087
1 2 5308
6 10 35084
1 6 21977
10 45
8 9 32369
3 7 83476
6 9 70347
5 7 81657
3 8 84315
1 5 0
7 8 38447
3 6 15207
2 4 35561
5 6 15564
1 6 20742
3 4 96213
1 9 27048
5 9 32264
6 10 63435
4 10 57621
4 9 23757
2 5 27733
9 10 54442
5 8 24965
3 5 73150
2 3 48979
2 7 88821
2 6 20548
1 7 83129
3 10 12216
4 8 90252
7 9 32296
1 2 44413
2 9 59934
3 9 7493
2 8 84232
6 8 43533
5 10 37965
4 6 22232
2 10 60384
7 10 34130
1 10 55397
4 7 72309
1 3 85221
8 10 52755
4 5 45292
1 4 53160
1 8 37672
6 7 24333
10 35
3 5 2122
7 9 69467
5 6 62777
2 5 69196
2 9 39245
5 7 9743
7 10 79707
3 4 10998
2 6 12693
9 10 96597
7 8 60591
2 3 0
3 6 69810
6 10 44191
1 8 91737
2 4 30158
6 7 34839
8 9 60298
5 9 66737
5 10 65531
6 8 95447
1 7 96030
2 10 29085
1 2 97586
1 5 47646
1 6 98812
8 10 24758
4 9 53257
3 7 13536
4 5 23840
4 8 75871
3 10 96243
1 3 67961
1 10 5168
1 4 50726
10 13
8 10 98487
1 8 50094
5 7 80629
6 7 0
2 4 27143
2 6 64475
3 6 87229
3 9 89156
5 8 34223
2 9 88109
6 9 41503
8 9 85414
6 10 82093
10 15
2 4 59343
1 10 0
2 3 69363
4 8 12412
6 7 41418
3 8 2158
2 7 99538
5 10 81423
2 5 4153
5 9 38089
1 5 13418
3 7 1965
5 6 84863
3 6 74868
3 10 84889
10 10
5 6 19384
1 2 0
8 10 77273
3 5 35204
4 8 69147
2 8 90084
2 9 8719
4 5 33691
2 5 84154
5 7 4487
10 44
7 8 12408
7 9 89317
8 10 50220
6 7 69241
3 7 72973
3 9 95254
2 9 18328
5 8 7899
5 10 79339
5 6 37241
3 5 64771
6 9 15180
4 6 62812
1 4 70272
6 8 65219
2 10 18434
1 2 20729
9 10 47673
1 7 3463
5 7 80055
5 9 35428
1 8 82767
4 7 43710
1 6 13668
3 6 30721
4 10 98517
1 10 53591
3 8 24267
2 6 27855
4 5 84267
7 10 8637
3 10 58364
6 10 90785
1 3 87494
2 4 42162
1 9 47677
3 4 0
2 7 72409
2 5 61371
2 8 75284
2 3 84294
4 8 26777
4 9 78215
1 5 24501
10 41
4 9 68394
3 4 32921
5 9 90430
1 6 98894
1 2 14547
3 9 26571
1 7 49185
2 4 95781
2 10 10163
4 8 60583
1 10 34716
6 10 486
8 10 54311
1 8 49762
5 7 2439
3 8 63567
4 7 21047
5 6 29598
6 7 0
2 3 41650
3 10 82931
7 9 53987
7 10 326
2 5 79554
5 8 30224
2 6 16450
1 5 71892
4 10 3876
3 7 37192
7 8 71787
2 9 23457
4 6 1832
2 7 5585
4 5 4889
6 9 21140
1 4 29693
3 5 31799
6 8 77436
2 8 48056
5 10 48024
8 9 57833
10 10
2 5 28307
5 6 82135
7 10 0
1 8 75894
7 9 55205
4 10 50078
2 6 43284
2 7 10125
3 5 44781
2 4 19327
10 12
1 10 76555
6 10 51870
1 9 98551
7 10 59938
5 10 97810
1 8 0
6 8 60503
2 4 4889
4 10 18726
3 10 42861
1 3 12467
6 7 7427
10 14
7 8 37653
9 10 66513
2 9 57440
3 7 37876
4 6 0
3 9 98962
6 10 22926
2 5 37264
3 8 86851
5 10 70684
7 9 12457
1 10 48151
2 4 29006
2 6 14501
10 14
4 9 59099
7 9 42368
1 5 55515
3 8 82659
2 10 99752
5 8 87515
1 2 62734
7 10 84925
1 6 92772
1 7 66915
6 8 83187
4 5 23302
9 10 34932
6 10 0
10 41
6 8 60948
3 8 21321
4 8 27584
1 5 63752
6 9 84152
1 10 63084
2 5 10863
8 9 44921
1 9 36584
5 9 48482
1 6 0
5 7 59684
3 5 43373
7 9 78609
3 6 35765
9 10 54535
4 5 75235
2 3 41485
2 4 36548
2 7 43825
2 8 45136
2 9 22899
1 3 41087
1 7 27782
4 7 184
6 10 29283
5 6 32081
7 10 76795
1 8 57500
7 8 46543
3 7 48449
8 10 44657
3 10 93137
6 7 47755
1 4 30933
3 9 67376
4 10 83879
5 8 68621
4 6 34726
2 10 29083
1 2 95327
10 31
8 9 52486
1 2 63899
3 6 1554
7 8 57780
1 10 21828
2 8 18263
5 6 74030
6 9 2464
5 10 37040
2 9 69529
5 9 83675
4 8 80329
6 10 63738
3 9 19206
5 7 6395
2 10 55308
7 10 44410
4 7 69381
1 5 80897
6 7 18334
2 7 0
2 5 97359
9 10 22787
4 5 43203
3 10 42406
5 8 99883
4 10 96417
3 8 71942
1 8 8051
1 9 71001
4 9 93849
10 21
5 9 28046
1 5 76207
6 9 70043
4 6 54050
4 10 17842
1 2 35156
5 6 88385
2 4 59375
1 8 41136
2 6 51707
7 10 85713
1 4 29206
4 9 0
3 9 82225
3 6 20456
6 8 81261
1 9 46399
7 9 50715
5 10 54837
1 3 46505
3 5 1106
10 12
6 10 43021
5 8 48666
2 9 0
1 2 80248
1 7 37282
4 9 19195
7 10 95364
4 7 92091
3 6 93923
3 10 51977
5 6 38878
4 6 22859
10 32
3 4 48408
8 10 13420
2 5 97942
1 9 2713
2 4 23661
3 8 75920
6 7 10328
1 5 67910
7 8 47591
1 3 9746
1 6 86221
4 7 92566
7 9 28516
6 10 76676
3 5 19771
3 10 6866
2 8 36216
3 7 98364
9 10 51375
5 6 3849
5 9 56410
2 7 44074
2 9 78863
8 9 0
3 9 78060
3 6 24650
4 10 53111
1 7 11588
4 5 93135
1 10 749
2 3 22084
6 8 93119
10 11
8 9 64877
2 7 76780
7 9 19889
1 4 45061
1 10 0
1 3 36052
3 5 59685
2 8 27400
3 6 70888
1 6 6128
4 5 38179
10 42
1 4 0
4 10 91325
2 4 74448
8 9 15614
4 6 18591
1 9 92422
5 10 4592
2 3 75495
2 10 46271
2 6 94153
7 8 54325
3 8 25374
6 9 61592
1 3 73294
5 8 97185
1 8 53622
1 7 9836
2 7 45402
1 5 72328
4 7 95968
1 6 85246
5 9 77070
4 5 88217
3 9 12346
6 10 38501
2 8 79597
1 2 7831
2 9 37649
3 10 600
7 9 42186
3 4 54470
3 6 32762
5 7 43250
8 10 14526
6 8 48228
1 10 59982
9 10 48020
4 9 68767
2 5 2309
4 8 1974
6 7 77877
7 10 25389
10 40
1 6 63560
4 8 42711
4 10 43861
3 10 65410
1 10 30577
2 4 16793
3 4 8760
1 2 0
7 8 10985
6 10 67806
1 3 74385
1 8 58621
7 10 62290
5 6 97172
1 5 18533
2 10 9697
2 3 8029
9 10 34257
8 9 27683
5 9 64088
6 8 79228
3 8 18885
4 9 38019
4 6 34995
6 9 53586
3 9 65243
2 6 8313
3 6 50192
4 7 17040
1 4 39497
2 9 54386
3 5 54438
3 7 23442
4 5 95260
5 8 17173
6 7 85857
1 7 26697
5 10 82100
2 8 59001
2 7 30329
10 22
8 10 92764
7 9 85509
4 9 61636
1 8 80454
1 4 42635
1 2 78120
4 8 74909
4 6 5528
4 5 49291
2 4 0
5 10 69956
3 6 64765
3 7 61788
9 10 84749
2 7 52413
2 5 21137
5 6 41256
7 10 31820
6 9 86305
2 6 9399
3 5 3056
3 10 30597
10 24
3 6 52828
1 6 13302
5 6 75462
2 5 15342
2 3 28933
7 8 4411
5 10 52465
2 4 4413
4 10 9209
3 5 75447
4 9 99101
6 7 26151
5 7 3227
1 7 85509
3 10 32036
2 10 57094
8 9 38569
7 10 54097
6 10 67781
1 5 62666
1 3 34308
6 9 0
2 6 22839
1 8 70886
10 35
2 9 41155
9 10 36553
5 10 12105
7 9 52038
6 9 97717
3 5 0
2 5 34252
3 10 48240
3 6 15214
1 8 20067
4 7 23156
2 4 41343
3 7 2967
2 7 48896
1 4 60082
2 3 37495
6 8 25956
7 10 67690
8 9 31514
4 9 83673
1 6 477
4 6 88815
3 4 67779
1 5 70512
2 10 44928
6 7 49603
7 8 24194
3 9 91651
8 10 45273
3 8 88516
4 10 83191
4 8 23247
5 8 39004
1 2 59219
6 10 14317
10 40
6 7 10080
7 9 20422
1 2 41807
2 10 54819
3 5 4737
4 9 84009
4 10 83543
2 9 45510
3 6 44156
6 8 43194
3 8 75399
7 10 58138
1 8 23090
2 3 72979
4 7 95313
1 7 58295
2 6 93383
2 7 35056
5 7 36612
1 10 7427
3 7 52448
1 6 80366
6 10 96728
4 6 70508
5 6 76031
8 9 26326
7 8 34480
1 5 47820
3 10 83006
4 5 36118
1 3 0
8 10 68638
1 4 52491
6 9 48614
2 8 88678
5 8 71735
3 9 61250
5 10 77899
4 8 52597
2 4 49926
10 44
4 8 51350
1 4 39899
1 8 20986
2 3 76102
8 10 21409
6 9 34784
2 6 37892
2 10 59657
4 6 27763
3 7 23007
4 9 98447
3 8 314
4 7 80361
5 7 29968
6 7 4225
2 4 17577
4 5 35200
6 8 26052
2 9 54263
2 5 4277
7 8 83951
8 9 79339
5 6 17623
7 10 0
3 10 41009
1 5 81566
2 7 21248
5 9 74357
5 8 3298
1 10 72028
5 10 67654
9 10 19792
1 7 3632
1 3 25887
3 4 53339
3 6 47203
1 6 11839
3 9 11988
7 9 1606
1 9 43424
1 2 15246
3 5 89300
2 8 16476
6 10 68722
10 43
4 8 46183
1 4 5706
3 4 40105
1 7 11957
2 7 88236
5 10 23496
1 10 33080
6 9 48076
1 8 3883
8 10 74544
3 10 7965
1 3 39039
4 7 1222
4 6 23099
2 10 48989
4 10 11130
6 8 63194
5 6 31754
2 6 39770
1 6 8174
1 5 0
2 3 9730
7 10 25325
9 10 66951
7 9 81239
5 9 12969
3 7 57848
6 10 63022
2 5 69238
2 8 42911
3 6 39349
3 8 55233
1 2 75633
5 7 11372
5 8 41843
2 4 55407
6 7 87134
1 9 77366
4 9 87719
3 9 57999
8 9 48439
2 9 83545
7 8 65587
10 42
6 9 29220
1 3 44094
5 10 3292
3 7 73088
1 7 36518
1 10 52909
2 10 16304
1 8 17037
9 10 99214
8 9 39197
2 8 59858
2 4 43165
2 5 87771
4 8 86227
3 10 70471
3 6 55144
2 9 28909
5 9 0
2 6 40200
8 10 98545
6 8 62981
5 6 63082
1 4 85359
6 7 83277
4 7 85065
2 3 96909
5 7 53669
1 5 26290
4 5 86399
7 10 44205
3 8 54539
2 7 32679
1 9 63597
5 8 3762
3 5 66499
4 6 50432
1 2 41474
3 4 13392
7 9 91392
6 10 91776
4 10 65323
7 8 22335
10 29
1 9 48442
8 9 21875
6 9 93213
5 8 25260
3 9 64639
8 10 57428
4 6 8500
2 9 9471
2 10 63140
6 8 40362
5 7 0
3 7 92726
2 4 43380
1 10 23462
5 10 47183
2 6 27285
1 7 60118
2 8 11241
4 8 58336
7 8 34906
1 5 29913
2 3 43470
9 10 56249
7 10 34786
2 5 79852
3 6 37481
3 4 18632
5 9 46750
6 10 59093
10 45
1 6 69699
6 7 17117
1 2 76923
6 8 94941
1 5 49786
6 10 39719
5 9 99857
1 9 22129
2 9 90999
1 7 61719
5 8 39884
7 9 69902
1 8 49739
3 9 21219
5 6 12500
5 7 70176
4 7 90068
7 10 59692
2 5 49358
1 4 72402
5 10 73638
4 10 24750
2 7 83217
1 3 29051
2 10 21617
8 9 62014
2 8 67883
3 6 40488
3 8 84908
4 5 44894
9 10 76000
3 10 15274
2 3 54724
4 9 41113
4 6 53064
3 4 89951
2 4 39856
3 5 53278
3 7 83927
2 6 0
4 8 16213
6 9 75924
8 10 28778
1 10 73967
7 8 18548
