100
3 3
1 2 1
1 3 6
2 3 4
6 5
1 2 6
3 4 0
5 6 7
3 5 1
4 6 2
3 2
1 2 0
2 3 10
4 3
1 2 0
1 3 1
1 4 2
2 1
1 2 0
2 1
1 2 1
10 37
1 2 0
2 7 5
2 9 7
1 4 2
1 8 6
1 6 4
1 10 8
2 3 1
2 5 3
3 9 29779
5 6 27311
5 10 59959
7 10 54213
9 10 56130
6 7 12682
3 6 78326
1 9 98842
6 10 98438
5 7 83905
7 9 77128
6 9 26708
3 4 1176
1 7 88106
4 10 23878
4 9 47133
4 8 87329
3 8 24818
4 7 1145
1 5 30709
2 4 39288
8 9 78021
6 8 38071
2 10 84443
4 6 96973
5 8 38426
5 9 17793
2 8 68219
10 28
1 8 333
1 5 45237
1 9 66222
3 9 45501
3 7 29260
2 8 35311
3 10 41958
7 9 17741
7 10 64556
9 10 79296
4 6 6693
5 9 38018
1 7 47319
3 5 28627
5 7 37760
3 6 67285
7 8 11252
1 10 73891
5 10 98633
2 3 28821
2 6 75806
4 8 41664
1 3 90169
6 10 99393
2 7 92953
2 4 62859
4 9 15831
6 8 40379
10 45
1 8 27835
4 8 14055
9 10 96929
1 5 57973
7 9 87225
6 10 24475
1 4 57227
2 9 18755
3 6 50519
5 6 45163
1 6 8961
5 9 21265
8 9 9602
6 9 20227
4 5 57979
3 4 59190
6 8 61125
8 10 4960
6 7 28646
3 7 84437
7 8 63056
2 10 28255
2 7 41919
2 4 61720
3 9 21662
1 2 52215
1 10 30045
2 8 74281
4 6 72227
2 6 45079
1 3 4918
3 10 22398
4 7 33744
7 10 82249
5 10 92675
5 7 45898
2 5 5462
2 3 52060
3 8 37332
1 9 7350
3 5 30062
5 8 98236
4 9 110
4 10 53197
1 7 65338
10 26
4 7 90885
6 9 47329
1 9 3602
1 6 98360
7 10 45156
1 10 93356
3 10 4086
2 5 75642
4 10 63069
8 10 38991
4 5 35568
2 10 84794
1 7 94362
5 6 73508
5 9 66657
7 9 77315
1 8 97544
5 8 48360
9 10 42880
2 7 78358
5 7 76150
1 5 59222
2 6 88043
3 7 90326
3 5 94883
4 9 6485
10 18
3 7 71469
3 10 49014
2 5 62994
2 7 81449
1 7 86831
5 8 28110
5 6 30699
7 10 78728
4 6 88764
3 8 36987
1 2 65965
6 8 59675
8 9 26573
4 8 53336
7 8 38345
3 5 40176
6 9 76263
4 7 63334
10 44
2 4 73441
3 6 7421
2 7 16270
1 10 82898
6 7 11554
4 7 35053
1 4 68203
3 10 13653
1 5 46844
4 10 30354
1 2 35775
4 9 97291
8 9 21724
4 5 93665
2 6 78928
2 10 11139
5 9 42007
7 8 10584
3 4 39067
9 10 26106
8 10 85904
1 6 57035
4 6 38047
3 9 95236
1 3 35532
1 8 53943
4 8 10189
1 9 87026
6 8 64252
3 7 72032
3 5 235
2 3 69247
3 8 57104
5 10 40253
7 10 50566
5 7 33468
5 8 57899
2 9 64155
6 10 97283
1 7 50845
2 8 88438
2 5 5919
6 9 40806
5 6 6257
10 14
5 6 27153
3 4 3932
1 7 96361
4 7 76219
3 10 68124
2 10 16433
3 6 87348
8 9 10839
4 8 29851
7 10 88059
4 10 12660
5 10 97007
3 5 80122
1 6 68535
10 41
5 9 85245
1 10 42119
4 10 46001
1 5 71110
4 6 80894
2 6 33483
2 9 61621
3 7 53543
1 6 44449
6 7 18122
1 8 81297
4 9 10835
1 4 64436
1 3 77391
6 9 14905
1 2 81648
2 7 33598
3 8 703
2 3 74605
3 9 3177
5 6 60785
3 5 89349
3 4 72642
2 8 56055
7 9 29019
5 10 44388
5 8 69162
2 10 27198
2 4 56528
6 8 37259
4 8 22595
1 7 25057
8 9 75256
7 10 45858
9 10 79960
3 10 83922
4 5 61318
1 9 89056
6 10 95160
4 7 47053
2 5 27551
10 45
2 10 42688
2 9 22276
1 6 22662
8 10 74010
7 9 55571
3 6 91855
3 5 73590
1 10 95792
2 6 45923
9 10 27870
3 8 8463
3 9 27685
6 7 78846
1 9 65085
4 7 26997
7 8 68902
8 9 76124
6 8 50406
5 10 3467
1 2 60016
2 8 67437
3 7 22411
6 9 5532
4 9 24816
2 3 65814
4 6 69719
4 8 39509
7 10 96696
5 7 60156
4 5 30696
2 7 17071
4 10 17257
5 9 26428
1 3 40757
1 5 64149
1 7 86411
1 8 52953
1 4 18386
2 4 94665
6 10 28553
2 5 79960
3 4 39754
3 10 13809
5 8 95921
5 6 74235
10 29
5 6 37874
8 9 96612
1 4 84866
4 9 45030
4 6 89553
4 10 66253
1 3 46062
1 8 27699
4 8 49401
6 8 15322
3 6 82283
1 10 76326
2 7 75651
2 6 12402
2 9 5523
2 3 46220
3 9 62226
4 7 72768
7 9 68629
5 8 90699
3 10 5489
3 5 34408
6 7 46214
2 10 92332
6 10 31446
1 2 19621
1 9 41452
3 7 2685
9 10 50057
10 45
4 7 98969
4 9 75096
1 5 56061
3 9 10372
3 10 53974
2 8 87962
5 9 99011
1 9 24428
3 6 49114
6 7 96568
6 10 34995
7 10 62212
2 3 22552
5 7 35720
4 6 94663
6 9 68688
2 7 15864
1 7 81312
2 4 61455
4 8 43641
1 4 64437
3 8 75992
3 4 10825
2 6 91185
1 3 49280
2 5 43638
6 8 86213
4 5 8630
7 8 84956
1 8 73456
9 10 59189
5 8 74524
5 6 26527
1 6 37305
5 10 67357
1 2 53587
2 10 31032
8 9 63287
1 10 93099
2 9 46307
3 7 50901
7 9 14609
4 10 51768
3 5 3604
8 10 17423
10 25
6 7 54051
3 7 82381
6 10 2341
5 10 2256
2 5 43001
4 7 4098
8 10 19505
7 9 34467
5 8 9815
2 8 37169
1 2 84671
1 6 95997
2 6 15881
4 5 41885
3 4 31059
1 5 93848
5 6 11996
7 8 2013
5 7 72051
2 7 52644
1 3 47035
3 9 53970
4 6 43120
2 4 77653
4 9 34112
10 12
4 9 52472
2 5 9435
2 7 23429
1 5 81772
2 3 25289
4 7 48777
3 5 4374
6 9 37105
6 7 51976
8 9 36074
9 10 15216
2 6 73233
10 16
1 5 49344
2 3 13183
5 6 69274
5 7 51818
2 8 26328
4 8 5874
3 6 34838
5 9 87235
1 6 18578
5 10 89830
6 7 57796
6 9 12075
9 10 51891
2 7 44292
4 9 42905
3 9 58942
10 20
8 10 70318
2 9 2064
5 10 41949
1 5 88395
5 9 62671
2 8 72564
2 3 66699
1 10 85051
9 10 62009
6 8 69321
3 10 52608
5 6 8011
1 9 12177
3 5 94739
7 10 64613
4 5 93576
1 6 81870
3 4 35279
1 4 5489
4 6 43530
10 43
1 2 93061
5 8 63569
1 10 41316
6 7 79428
7 10 19756
4 5 98005
3 8 78791
4 9 77305
2 7 65026
1 5 10862
3 6 5894
5 10 1122
5 6 96843
4 7 21666
5 7 71326
2 8 62926
3 10 93284
3 9 66898
3 5 26042
8 10 47319
7 9 81548
4 6 3883
1 6 68259
3 7 30749
1 7 45737
2 5 25460
1 9 57686
6 8 38118
1 8 66894
6 10 73657
3 4 55505
2 6 98167
2 3 31064
5 9 77709
2 10 96984
7 8 81434
6 9 30150
2 4 92347
4 10 72090
8 9 45901
1 4 30560
2 9 35506
1 3 67064
10 40
6 9 4556
4 8 89864
6 7 72675
7 9 77146
8 10 25729
5 7 61914
1 5 33438
1 10 48290
9 10 68128
1 3 5360
5 9 5941
2 10 69230
2 5 45163
1 9 76475
4 5 76387
1 6 58617
2 4 7135
3 9 60173
6 10 14956
3 7 27357
4 10 27884
7 8 81961
2 3 93659
3 4 62505
8 9 12055
1 4 49
3 5 66582
1 8 70522
3 8 17506
4 9 15816
5 8 15124
6 8 41804
2 8 17385
1 7 50360
2 7 17416
1 2 18893
5 6 49230
3 10 21364
4 7 608
4 6 54535
10 10
5 9 93095
7 9 70654
1 7 59598
5 6 82036
5 10 76460
2 3 85405
9 10 65812
1 8 41003
4 8 18308
1 10 70605
10 27
2 5 28198
1 9 47865
1 8 11611
1 10 99797
2 10 34762
9 10 59258
2 7 81780
1 3 33330
2 3 18853
6 10 84713
5 10 92998
4 5 88589
4 10 51257
2 4 55969
6 7 41219
3 5 70865
7 9 52741
8 10 32774
4 9 53903
5 6 8901
5 9 977
8 9 21930
3 8 44301
7 10 36336
4 6 31569
3 9 48450
1 4 91534
10 31
4 9 13486
1 8 71875
4 10 45130
3 7 3428
5 6 71317
3 5 93432
3 9 44557
8 10 72959
1 6 52496
5 8 98317
3 10 69720
6 8 22362
1 9 36391
6 10 54395
1 3 53084
9 10 85405
7 10 95248
2 10 91911
4 5 17380
2 7 67562
4 7 50850
6 7 98880
5 10 74097
3 6 60326
2 3 58272
2 5 10582
1 10 2383
2 9 81428
2 8 43125
2 6 77585
6 9 59456
10 28
6 7 53050
4 5 64612
6 9 21464
6 10 9388
5 9 76340
8 9 26755
7 9 10642
3 7 25118
3 6 56565
3 4 48302
9 10 89351
5 6 29568
4 9 62900
2 6 51169
4 6 28040
2 5 23343
1 4 81426
3 5 55987
3 8 92093
2 8 59827
1 6 80265
2 3 62063
1 3 80818
1 2 30075
1 9 79863
3 10 20137
1 5 47959
7 8 4524
10 10
1 5 97845
2 3 97779
7 8 62015
1 2 15863
4 6 9896
3 7 64754
1 4 25967
4 9 44263
7 10 66726
2 6 8163
10 19
4 9 87532
5 7 74498
8 9 90540
1 2 13649
7 10 21001
3 6 54061
6 9 95858
2 5 89776
4 7 13742
2 6 32257
5 6 12724
1 3 25815
2 7 83027
8 10 39939
6 7 8884
3 8 64313
1 5 29737
1 4 55741
6 8 39169
10 32
3 10 16771
5 8 25071
8 10 36197
1 10 23043
2 3 27435
5 7 59581
1 6 55420
9 10 37194
7 10 98012
2 10 46027
8 9 73169
6 10 74984
3 9 95560
1 8 5411
2 6 69443
4 5 56910
3 7 3513
7 8 90868
6 8 51199
4 8 7907
5 10 29885
4 6 24244
2 8 3348
2 9 37451
3 5 30848
2 5 78416
1 7 29582
1 4 72032
4 10 39813
3 8 47018
2 4 97193
4 9 57728
10 21
1 5 98497
1 3 42042
1 2 22024
2 10 76851
8 10 52606
6 8 99243
1 4 22343
5 6 90538
4 9 5561
3 10 70701
1 6 63864
2 7 67069
1 7 7720
4 8 405
5 9 55552
3 8 76113
3 4 21504
6 9 29929
4 10 12784
2 6 79171
1 8 62113
10 33
1 5 46883
5 9 16826
3 8 87735
5 8 80185
1 3 4895
5 10 61617
3 5 64848
6 10 92144
7 9 57245
4 10 37379
2 8 9193
8 9 14846
3 10 10147
6 7 58519
4 7 17008
2 3 45794
2 9 16612
4 9 83680
5 7 28366
4 6 37515
2 6 22149
1 4 62551
5 6 23514
4 8 42700
2 5 51426
2 7 91916
7 10 20676
1 10 4629
9 10 66514
6 9 60192
1 2 17373
8 10 3326
1 7 12411
10 37
3 7 16844
4 8 41481
7 8 85893
8 10 32878
2 3 59530
4 10 67803
6 8 33285
3 5 91968
2 8 9603
2 9 13486
6 7 82661
2 7 91160
3 10 79125
1 5 58989
1 7 73350
3 6 70698
1 10 80189
1 6 74696
6 9 19748
5 9 56310
4 7 80079
5 7 11726
7 9 20443
3 8 32603
3 4 8956
1 2 29745
1 3 26663
2 5 61733
1 9 34889
1 8 10911
4 6 17054
5 10 60914
4 9 47191
9 10 77344
3 9 86449
1 4 28150
2 6 97720
10 38
4 9 78780
4 10 24213
6 8 76613
5 10 81756
6 10 90384
4 5 78011
8 9 17238
3 4 8602
3 5 35062
1 7 45846
2 7 77916
5 8 9228
2 8 6723
4 6 66574
5 6 49635
2 4 20963
5 9 35196
3 8 39047
2 3 66697
2 9 74129
4 7 62038
8 10 42024
7 10 69951
1 5 69931
2 5 69602
1 9 90099
7 8 94582
2 10 78924
6 9 71881
1 4 87461
3 9 10627
9 10 22986
1 6 120
1 8 12812
6 7 21385
3 10 60944
1 3 69675
4 8 55222
10 12
9 10 30023
3 8 91055
5 8 80589
7 9 20048
4 7 97608
2 9 3080
2 10 56468
6 10 10124
8 10 23460
1 5 93831
2 6 27329
4 10 65823
10 41
2 9 12929
2 10 77252
5 8 47961
8 10 84846
4 10 33100
3 6 65124
1 6 41415
2 3 99115
1 7 21798
4 6 25266
4 5 1608
5 9 65638
3 4 42909
5 6 7354
2 6 75417
8 9 75697
2 5 2607
1 10 53474
2 8 22092
1 3 38041
7 10 14632
4 8 24059
6 9 77642
1 8 81481
3 7 76008
6 7 96806
4 9 12992
3 9 97270
6 8 68590
9 10 17769
3 8 93299
2 7 80814
1 2 81051
1 5 58264
4 7 89602
5 7 48124
7 8 68633
1 4 1015
3 10 44531
5 10 8436
1 9 49077
10 12
2 4 91830
9 10 72792
3 5 34517
1 2 94373
1 3 7964
4 9 12633
7 9 81239
4 6 12850
8 9 51919
3 8 8854
3 9 69119
2 3 41360
10 29
1 3 44569
7 9 82836
5 8 40468
1 9 35310
1 4 89386
1 7 47452
4 10 4325
7 8 57947
2 8 51759
2 5 33389
1 10 89949
4 6 20290
1 6 32240
3 7 30682
1 5 69614
2 9 32555
6 10 81130
4 5 42165
2 4 23191
6 8 12671
3 6 17291
5 7 18820
4 8 37914
7 10 53957
4 7 77519
2 3 7441
1 2 47773
2 6 15529
2 7 30949
10 17
3 9 97893
1 8 14516
1 9 90375
2 5 70712
6 8 96231
2 7 87053
1 3 36288
3 4 66973
1 6 1358
3 6 40013
2 6 79235
3 10 93391
5 8 13349
6 7 80778
7 10 12481
5 6 20091
3 5 42633
10 21
4 9 76335
1 3 40341
7 8 28779
8 10 78574
4 8 63245
6 8 17755
9 10 81816
5 8 10775
4 5 5172
3 9 86149
4 7 40379
1 4 96166
4 10 96738
1 2 33336
3 6 1505
1 7 49740
7 9 33096
1 8 86702
8 9 79948
2 10 9666
6 7 48889
10 10
1 2 4998
3 8 67996
2 6 62015
1 7 8766
4 7 63613
1 3 8599
3 5 11056
6 7 65508
7 10 71973
4 9 36364
10 11
1 5 99226
9 10 91049
1 8 6916
2 9 96133
2 7 76143
1 9 43976
4 10 62284
1 3 3269
5 6 14340
1 4 26588
8 9 75408
10 40
2 10 11283
7 8 13573
1 4 76895
2 5 926
3 10 3149
4 10 81964
5 8 32233
4 9 41704
3 7 3032
3 4 43227
1 3 22284
2 8 98195
7 9 71846
2 3 35364
1 5 61711
2 7 60839
1 10 73130
5 9 88590
1 8 79162
1 6 94071
3 5 10366
5 6 78532
5 10 25075
1 7 32529
9 10 25210
6 7 8426
3 9 61724
7 10 71548
2 4 37296
8 10 69309
4 5 94592
4 6 63012
8 9 23446
3 6 24899
2 6 89977
5 7 67971
4 8 12637
6 10 43822
4 7 74310
3 8 28604
10 41
1 4 37047
9 10 67682
1 5 88431
3 10 56411
6 8 68828
3 8 11730
1 8 94202
3 9 98917
4 5 63280
2 8 25404
4 7 45431
4 8 87512
3 5 72856
1 7 38872
5 6 95576
7 8 16448
8 10 82383
1 2 15710
5 10 12647
1 10 82723
2 4 97925
7 10 30783
1 6 99763
2 6 16161
6 10 65488
2 10 10041
4 10 90676
5 8 31458
1 9 37983
2 7 34064
3 4 2820
3 6 76875
2 3 55795
4 9 98541
8 9 28928
7 9 56426
4 6 95365
2 9 42406
2 5 51915
3 7 47541
5 9 76781
10 18
5 8 86906
5 6 53436
2 3 67001
5 7 64052
3 4 86019
6 7 25125
7 10 10317
4 10 40204
9 10 32977
1 8 83588
4 7 32806
1 2 24910
4 9 70773
3 9 24076
2 9 33705
8 10 59496
1 4 86646
6 8 63640
10 44
1 7 24345
4 5 46158
6 8 58568
5 8 93861
1 4 53822
1 9 64761
5 10 31047
4 6 40880
1 8 15903
1 3 56447
6 10 67241
1 2 24587
5 9 17799
3 8 46513
6 9 89268
7 10 77512
4 8 19236
3 4 91408
8 9 28727
5 7 85798
1 6 63556
2 4 94291
3 7 10489
2 5 70534
3 10 9614
3 6 38930
7 9 488
2 8 82717
3 5 67137
7 8 10466
5 6 25323
1 5 28764
4 7 19518
2 3 3540
2 9 3428
9 10 91325
1 10 27085
6 7 7375
2 10 44887
2 6 28189
3 9 46159
4 9 27796
4 10 36305
8 10 38682
10 36
2 4 71449
1 9 64519
2 5 9620
8 10 66805
4 8 65204
4 7 67543
2 6 10718
3 7 8793
2 8 6858
1 7 7619
4 6 51718
7 10 17921
1 3 64794
1 10 66371
3 5 35596
1 2 3416
6 8 87019
5 10 72120
2 7 13645
3 9 5092
5 9 86945
6 10 9266
6 7 44283
1 5 46551
4 5 95682
2 10 8519
1 4 67236
5 8 84519
9 10 11702
4 9 66951
3 10 89612
1 6 40830
3 6 52791
1 8 75050
5 7 93880
3 4 17678
10 40
3 9 65800
2 3 64652
1 8 26616
1 6 66216
2 5 23246
3 7 98271
6 7 24523
8 9 90969
4 5 37319
3 4 17183
4 9 76538
2 8 76676
1 2 32088
1 5 90298
5 8 49272
6 10 12133
3 5 19699
4 6 29571
2 7 55497
8 10 87797
5 7 76081
1 10 65720
3 8 65894
7 9 86730
4 7 49130
2 10 88134
9 10 72265
1 3 57761
1 9 18047
5 6 10543
6 8 63657
2 9 82839
5 9 89714
1 4 34509
6 9 94191
3 10 58591
4 10 36163
7 10 60328
2 4 50583
5 10 28080
10 45
4 5 268
5 9 29521
2 4 87000
1 8 89375
2 3 14497
4 7 80642
3 7 49552
3 6 62759
2 5 59747
4 8 98149
8 10 93821
2 7 15760
9 10 50028
1 6 26133
6 10 37186
5 10 92103
2 6 88451
2 9 77252
4 6 11406
1 10 45233
7 10 69852
2 10 87415
5 6 80159
1 4 23116
8 9 31453
1 3 8812
1 7 32694
3 4 2213
3 9 84705
3 10 70927
6 7 62707
7 9 89065
3 5 34505
6 8 71261
4 9 21824
6 9 13827
3 8 12372
1 5 76236
7 8 35415
2 8 59408
1 2 71291
5 7 69615
1 9 39914
4 10 1861
5 8 51107
10 45
1 3 8332
7 8 79627
5 10 24258
7 9 88863
2 8 46026
2 7 84592
4 10 65684
1 2 6092
6 10 61046
8 10 59885
3 8 510
3 10 56155
5 9 84970
3 4 21893
3 6 10265
2 3 51276
4 5 35975
3 7 55829
9 10 54291
4 8 63521
6 8 76397
8 9 73037
1 8 59279
2 5 25714
1 4 82537
4 7 77117
7 10 13416
6 9 70367
5 7 15958
2 6 32212
1 5 47523
2 10 44556
4 9 6351
2 4 16158
2 9 7552
3 5 77698
5 8 77240
4 6 40602
1 7 11997
6 7 95575
1 9 45115
3 9 92450
1 10 98556
5 6 13266
1 6 71944
10 33
4 7 66312
1 3 33657
7 9 16344
3 9 66424
1 6 98722
6 10 10961
1 10 36340
7 8 75455
4 9 22017
5 9 8543
5 7 45070
1 7 26302
5 10 39457
5 6 0
4 8 55069
3 8 89179
2 5 51129
1 8 85290
3 10 70976
3 5 48851
5 8 69490
2 9 13484
2 10 18299
2 3 48404
2 4 81310
1 5 38019
9 10 6318
1 4 92800
3 7 14429
4 5 89963
4 10 69655
6 9 15189
3 4 64378
10 21
4 6 66294
6 10 73408
3 6 19574
1 6 46571
7 8 57466
3 7 48247
8 10 68810
7 10 61087
5 7 80412
8 9 44189
1 4 55213
4 7 84582
1 5 45852
4 9 9679
1 7 17078
2 9 0
3 9 79729
6 7 46670
1 8 82348
4 10 57823
2 5 71052
10 20
1 5 3104
7 8 22578
2 5 5076
1 10 47390
1 8 56475
9 10 81188
1 3 5364
5 8 52065
6 8 73304
1 7 43948
3 8 98180
7 10 18271
4 10 55959
3 5 10752
1 2 36496
4 9 7845
5 7 97632
4 5 46288
4 6 15687
1 6 0
10 37
6 9 75371
9 10 64898
1 10 7059
1 2 51347
1 3 58676
2 7 36574
1 7 60606
2 5 45004
4 5 60439
3 6 72921
3 9 44090
4 10 57920
6 8 35949
1 6 28171
8 9 51881
3 4 60901
2 3 0
4 7 80492
2 9 20277
5 8 318
1 4 7765
2 10 49584
4 8 81557
4 6 29855
5 9 25145
3 10 96093
3 5 568
8 10 9195
1 5 90171
6 10 25935
1 8 51855
6 7 88443
2 8 47389
3 8 44148
5 10 72192
5 7 7665
4 9 71645
10 19
5 10 5149
1 8 3015
5 9 3472
1 4 81463
2 9 79162
2 5 39280
6 8 90337
6 9 0
2 3 75416
3 10 40513
1 9 28220
4 7 17876
1 2 18017
4 10 56738
5 7 32837
5 6 55265
1 7 50442
3 6 89343
2 10 8874
10 12
1 6 59487
9 10 73488
5 7 81708
4 6 18305
3 10 47609
4 5 24469
1 9 82969
8 10 26139
2 10 94052
1 2 99912
2 6 17875
3 8 0
10 26
6 8 45294
2 10 43393
1 8 76212
1 6 13120
5 8 29073
5 7 53514
7 9 28122
1 10 24466
3 4 17607
4 9 65827
6 10 87558
1 2 40330
3 7 29252
6 7 75374
2 3 9375
1 4 99052
1 3 37569
1 9 81229
4 5 76564
2 4 93632
1 5 47093
5 10 90297
3 8 20008
4 8 0
9 10 43000
8 9 46842
10 30
2 10 36257
2 6 72606
2 9 94548
5 8 23025
1 5 1769
4 6 38042
1 6 8204
5 6 68355
4 10 81004
2 4 29266
5 7 15892
3 5 72112
1 10 21403
8 9 74220
3 8 92741
7 10 32334
4 5 14762
1 4 96995
4 7 64582
4 9 39167
3 7 22688
3 6 41756
7 9 27891
1 3 8859
9 10 38574
8 10 0
5 10 86542
5 9 64235
2 5 96021
6 7 93743
10 26
2 4 17177
1 3 60510
5 6 46875
6 9 53179
1 6 47038
2 5 54238
7 9 19679
3 4 17390
1 8 80175
7 8 72641
8 9 52474
4 5 32730
1 9 17907
3 7 97866
4 10 36162
4 9 5862
2 8 82122
7 10 23354
4 8 43654
3 9 13177
8 10 42713
2 7 69408
2 6 7310
6 8 9829
1 7 0
2 9 80751
10 25
5 6 50948
4 7 67144
1 8 54389
1 2 98200
8 10 98795
1 10 8698
3 4 0
6 8 9525
1 5 24606
4 6 76767
1 6 7912
7 10 55480
1 3 74401
4 8 86300
7 8 56246
5 7 35341
6 10 76932
2 9 73186
3 5 91201
7 9 75041
2 4 17771
6 9 65584
8 9 29990
6 7 61837
2 7 61933
10 40
3 4 65512
6 10 25306
3 8 66997
2 8 27583
3 5 13264
2 6 32063
2 9 21138
2 10 72312
1 6 40103
5 6 6418
2 4 16619
3 6 60947
1 7 53691
4 7 45289
5 10 27619
4 6 72488
8 10 81743
7 9 20690
4 9 50136
4 8 94619
3 7 28922
1 4 40679
4 5 32493
2 3 96085
7 10 99373
3 10 68747
3 9 57826
8 9 42780
1 8 45987
7 8 20645
2 5 0
9 10 30486
1 9 53750
5 9 11176
5 7 84144
4 10 71276
1 3 20175
6 8 28662
1 10 23962
2 7 98796
10 26
6 7 2700
3 9 55261
2 8 42115
6 9 38807
6 8 52142
2 6 19227
1 8 97005
3 10 34607
3 4 74635
2 3 11186
7 10 12641
1 5 34834
1 7 20811
5 8 15431
4 7 41301
7 8 51225
3 6 19469
5 7 88872
4 6 52323
5 9 83275
2 7 52897
4 8 43210
3 5 0
3 8 84957
5 10 54817
7 9 38339
10 23
2 10 83425
4 7 33256
8 10 81427
7 10 24764
4 9 85787
1 8 13330
2 4 507
6 8 33366
1 7 17446
5 6 35162
4 6 33274
5 9 61114
6 9 30913
3 4 28495
9 10 44284
5 10 97854
2 8 63256
4 5 33964
1 2 38027
1 5 60760
8 9 42620
1 10 17950
4 8 0
10 17
3 9 12841
9 10 45137
3 6 42089
7 8 52094
7 10 53099
6 10 0
1 3 69220
1 8 98995
4 7 61370
2 4 33373
4 10 52881
7 9 38596
1 5 16275
3 8 63420
1 7 89240
2 3 72192
4 5 90300
10 35
3 4 5206
3 9 91862
2 8 63722
1 3 9707
8 10 0
4 8 37176
7 10 96920
1 6 55448
5 8 70808
3 8 15829
4 5 19855
2 3 62248
2 5 96358
1 5 55104
1 8 96496
3 6 64455
2 7 94581
1 4 29966
6 8 89880
1 7 34664
3 5 62899
4 7 71191
7 8 5374
2 6 59713
1 2 56131
6 10 34659
5 6 82476
1 10 38725
6 7 54279
9 10 51984
4 10 86669
3 7 50718
2 10 57242
5 7 37164
5 9 21187
10 20
1 6 89884
2 9 0
3 8 49126
2 6 56313
1 10 11089
3 9 21489
3 6 7199
1 5 41217
5 10 31690
7 10 93020
8 10 59603
4 6 85311
2 8 10562
1 4 80613
1 2 69688
2 4 60481
1 7 1862
8 9 10792
4 9 28011
4 8 25330
10 39
8 9 28023
1 8 90235
6 7 50200
4 7 44188
6 9 99763
7 8 89818
1 4 11715
5 7 86
3 4 14621
5 10 93809
4 8 5419
1 9 77361
3 5 41122
9 10 92743
1 7 69447
6 8 7531
2 9 90316
1 3 90871
1 10 6314
2 5 63799
4 10 58323
2 4 11870
1 5 90400
1 2 51258
5 9 81213
7 9 48776
6 10 34369
2 7 47694
3 9 45400
3 8 3155
4 5 3446
3 7 78180
4 6 0
2 10 61812
1 6 6137
5 6 78923
4 9 34830
2 6 3783
2 8 55111
10 27
2 7 47283
1 6 97831
1 5 37287
3 8 72113
5 8 92882
2 8 51227
2 5 68047
4 6 41482
5 6 50491
4 8 42218
1 7 0
1 3 72039
5 7 84012
7 8 53271
3 6 91095
5 10 73086
3 9 99346
4 9 31805
2 9 98427
6 8 44064
5 9 48602
6 10 45397
1 9 39227
1 2 11704
1 8 58480
1 10 58150
4 7 76072
10 35
1 9 11380
1 6 7172
6 8 5106
2 8 6898
6 9 0
4 8 1999
4 5 26308
3 9 32023
1 4 97160
3 6 70649
6 10 47238
3 4 87749
3 10 41944
8 10 2702
6 7 33071
4 7 13169
5 7 55660
1 5 6960
7 9 7027
2 3 41669
5 8 91924
5 6 8905
9 10 66227
1 3 82959
3 7 3307
2 5 17820
4 10 71339
1 10 91112
8 9 68654
4 6 85901
1 2 71787
1 8 29832
3 5 25378
5 9 40821
1 7 323
10 14
1 5 0
1 9 39697
2 7 18285
2 5 34122
1 8 11189
5 10 91805
5 8 63814
7 9 87198
3 8 80030
2 6 6827
3 4 62190
4 5 87425
7 8 62031
6 10 10924
10 25
1 3 82449
5 6 56650
4 5 78146
1 4 27495
5 9 68289
9 10 2049
8 9 57743
3 7 35690
2 7 83318
1 10 58613
1 7 65278
3 9 67403
2 10 9745
4 10 96258
7 10 66151
6 7 60704
5 7 23770
2 3 51747
2 8 43603
2 4 0
3 6 28001
1 5 22401
4 8 10667
7 9 37038
3 4 1280
10 17
4 9 50597
2 5 0
3 8 62685
1 2 88729
2 9 46929
6 9 12130
3 6 50075
1 4 83009
7 8 4058
3 9 8526
6 8 9198
9 10 69246
2 4 51466
1 6 32466
6 7 21914
1 7 81784
5 6 14131
10 22
3 10 1197
1 9 28597
1 2 51359
3 5 37901
5 8 0
2 10 42096
2 8 30303
1 5 26489
8 9 44024
5 10 28229
1 10 27797
2 7 62639
3 4 92445
5 9 70793
3 6 31584
2 3 72687
4 9 76794
1 6 50388
1 7 18885
1 3 47311
2 4 88050
4 8 36166
10 21
8 9 82080
2 5 36749
1 9 61444
4 5 9630
1 4 67576
7 10 84473
4 10 59001
9 10 84915
5 7 0
1 6 74154
1 5 44141
2 8 75676
1 8 20513
1 3 48037
2 7 3834
6 10 4596
3 10 22573
2 4 83902
5 6 77140
3 5 36062
3 6 16350
10 21
6 9 43184
8 10 27240
1 10 17924
2 3 98251
4 6 81762
5 8 74852
2 7 10537
4 9 86833
1 9 24319
5 10 64323
2 4 77456
4 7 7030
6 7 32586
1 3 60762
2 6 44922
8 9 46803
1 2 84199
7 10 94626
6 8 59672
2 9 0
3 6 59786
10 11
1 4 4383
2 8 10927
5 8 32547
6 7 7849
8 9 22913
5 9 31335
1 7 36843
2 9 22082
3 9 61360
6 9 0
4 10 76689
10 22
3 7 14141
2 6 95246
1 8 63803
2 3 90692
2 9 99947
1 9 63641
5 7 10022
6 10 33566
4 8 6333
7 9 70960
4 7 22519
2 10 42351
6 9 70265
5 8 57592
1 6 48796
6 7 52626
4 5 12312
2 5 4957
8 9 10883
3 9 34907
1 4 0
2 8 58198
10 20
3 8 11767
7 10 19066
5 8 93540
8 9 86939
2 9 70746
5 10 50818
2 3 31766
1 9 46132
1 8 37081
3 5 23146
4 9 524
3 4 91568
3 7 10340
1 7 91949
2 8 25197
2 6 61310
3 10 0
1 4 39328
1 6 11523
3 9 6735
10 24
7 9 80369
6 10 80005
1 5 2305
6 8 60306
1 4 5281
1 2 18688
2 9 77475
2 4 6585
3 9 50494
3 6 54379
6 9 43038
4 10 0
5 10 24272
2 7 33989
2 10 23690
5 8 19385
4 6 49459
4 5 81331
3 8 78969
7 10 31924
3 10 2255
3 5 28793
1 9 70602
8 10 63102
10 45
1 9 92753
3 4 80420
8 9 20076
1 2 23292
1 6 14608
1 3 28766
2 3 4679
1 7 0
5 10 46016
1 10 36738
5 8 91332
6 7 44617
8 10 21400
5 7 92901
1 5 82681
2 10 48734
3 10 72371
2 9 88250
4 7 23932
5 9 43403
5 6 13183
6 9 1992
6 8 92565
9 10 40172
7 9 55265
1 8 69108
3 9 31435
3 8 91318
3 5 63074
2 7 59981
4 6 12339
2 4 693
7 8 55600
4 10 28476
6 10 57802
3 7 30313
4 8 90129
4 9 60002
3 6 80482
4 5 14123
1 4 81985
2 8 70593
7 10 90874
2 6 79532
2 5 52007
10 10
4 9 55549
6 8 62840
3 5 88204
4 10 36932
8 10 0
1 10 6987
1 7 16034
2 9 25840
1 3 46063
5 9 59880
10 38
2 3 38650
5 9 55319
8 9 28366
2 8 41642
2 10 81737
1 10 0
6 7 41195
1 3 53363
7 9 26805
3 8 5449
3 6 43870
2 6 40585
4 10 90430
2 9 5126
2 5 6032
1 9 80235
7 8 28046
4 6 98718
9 10 46004
3 4 50145
5 6 60485
6 10 33957
1 6 74255
6 9 76065
1 5 52995
4 9 64854
5 8 17110
3 9 43425
4 5 58477
1 2 43335
1 8 30064
7 10 73838
3 10 23947
1 4 48856
2 7 82195
3 7 2401
6 8 89247
5 10 97322
10 25
8 9 21610
4 10 72723
3 10 94439
7 9 42602
1 8 26348
3 8 38834
9 10 40268
5 10 79813
3 4 8465
2 4 37816
1 4 0
5 9 40369
5 7 64486
1 7 6554
5 8 12888
2 7 34534
4 9 36449
4 5 86161
7 10 77098
6 10 93326
2 3 29083
1 2 37576
2 6 56113
8 10 2433
4 8 48534
10 27
4 8 70489
4 9 42280
4 10 73780
4 6 0
4 7 87966
2 4 38738
3 5 54848
7 8 75479
1 7 16242
1 5 95022
3 4 98460
9 10 16876
1 2 9903
3 6 90454
7 9 83117
1 3 56875
1 6 35850
5 7 92097
2 3 28198
8 9 61753
3 9 35373
3 7 31300
2 9 53209
1 8 2370
2 7 31712
1 4 26958
8 10 96297
10 40
2 10 47277
8 10 87932
5 9 58618
1 3 97419
6 10 66801
7 8 36790
5 10 64241
3 5 38873
1 6 19493
2 6 57170
4 5 71681
1 9 79195
9 10 17380
4 10 29211
3 9 53508
4 6 20636
1 8 78886
5 7 78833
2 4 39812
4 8 66232
6 7 55056
1 2 41435
3 4 13275
1 4 57590
4 7 0
5 6 30098
4 9 88311
1 5 32278
3 8 63581
2 9 86827
2 5 61703
8 9 80824
6 9 75262
7 9 67501
3 7 45722
1 7 4543
7 10 38558
2 7 6313
3 10 49268
3 6 87927
10 30
4 9 65818
3 6 27413
9 10 91686
2 6 99116
3 5 38835
1 6 88420
4 8 6358
1 4 77148
8 10 76466
2 10 14562
2 9 85336
4 7 97746
2 4 32859
5 9 7429
6 10 65798
5 8 93565
1 10 28641
1 3 0
1 2 49512
7 9 82608
7 8 25873
6 7 889
7 10 88878
2 7 40375
1 8 53012
1 5 62775
2 8 67805
4 6 7131
5 10 67609
4 10 66603
10 25
4 7 45393
1 8 27729
5 9 69605
1 2 15358
4 5 63333
3 6 84348
1 6 46445
2 7 58630
1 7 59442
4 6 54607
9 10 99314
3 7 49504
8 10 80557
6 9 14439
1 9 62874
4 10 54226
2 9 63039
3 8 85249
3 5 19069
5 10 38998
6 8 22759
1 5 98866
7 10 0
2 5 10755
8 9 43784
10 42
5 7 7888
5 10 86484
1 9 53798
6 10 571
1 7 90676
7 10 90567
7 9 51149
1 10 22544
1 5 38937
2 6 72419
1 2 78331
8 9 49547
4 5 3355
9 10 6678
6 7 58231
2 8 56674
2 5 96160
4 10 53814
3 10 1717
1 6 93030
7 8 23231
4 7 22283
4 8 67008
4 6 26402
5 8 69899
6 8 61348
5 6 68410
1 4 3160
3 8 74353
3 4 21578
1 3 34973
3 5 0
4 9 64442
2 10 10210
3 6 18421
8 10 79362
2 3 23692
6 9 72831
1 8 69103
2 7 97943
2 4 82007
2 9 1240
10 37
3 5 88554
4 5 61012
5 9 6733
3 9 7163
1 7 17121
5 8 59026
4 7 47759
7 8 0
5 6 35082
3 4 33906
3 6 82069
6 9 37601
1 10 70674
2 4 86753
1 9 87286
1 5 82972
6 10 19040
1 4 22852
4 6 36058
3 8 30958
9 10 64336
1 2 54561
1 3 80579
7 9 58741
1 8 99062
1 6 37658
2 3 55501
5 10 23425
8 9 89277
2 10 66858
4 8 2277
2 8 10603
2 5 90003
3 10 49001
5 7 94665
2 6 76211
6 7 45450
10 27
1 2 85359
4 8 57197
4 7 96408
3 9 2997
5 8 78961
4 6 42261
1 9 99788
7 9 17976
1 3 42822
5 9 64377
1 5 85526
6 9 58340
9 10 89612
8 10 38599
6 7 98620
3 7 11398
3 8 93865
1 4 0
2 5 29762
1 6 42790
5 6 11754
1 8 45124
2 6 81416
2 4 84520
6 10 66589
7 8 66258
2 7 11252
10 31
3 4 23960
4 6 65925
4 10 7494
3 9 0
8 9 59797
6 7 76750
1 6 42097
6 8 55383
5 8 68348
4 8 851
1 10 72553
2 8 32449
1 7 93242
1 8 1076
3 5 94717
2 7 63436
3 10 71270
6 10 54459
7 10 82157
5 10 135
7 9 33605
1 9 2770
2 10 67064
2 6 33422
1 5 23260
2 9 2201
4 7 65554
3 7 83895
6 9 99542
1 3 57362
8 10 62444
10 11
2 6 15272
6 7 0
6 10 44125
4 5 93780
3 7 98552
4 6 26747
5 9 25671
1 8 38166
5 10 79567
7 8 97755
5 6 72950
10 34
7 9 63006
6 8 66878
6 7 11780
2 6 15041
8 10 18596
3 7 2869
2 9 22729
1 8 22665
2 4 91044
1 7 75804
3 9 25987
1 2 31795
6 10 42550
1 3 71198
3 5 33920
7 10 89326
3 10 51527
9 10 83431
5 6 0
2 3 66236
1 10 90173
5 10 23228
5 7 71508
1 9 48106
1 6 65660
5 8 87973
2 10 28474
3 6 6534
5 9 90541
8 9 45088
1 4 91048
4 10 7999
2 7 26388
6 9 53618
10 29
9 10 91722
7 9 68074
2 5 20144
4 6 89041
4 10 88729
6 9 24358
2 8 61042
4 7 20364
6 7 89588
4 5 36615
2 6 95520
1 4 17307
5 9 50210
3 9 7424
5 6 77755
3 4 64740
1 7 16524
6 8 0
2 9 54846
2 3 5086
3 10 21568
8 10 96344
3 5 50855
7 8 76307
7 10 68320
1 2 25990
3 7 6742
1 6 9216
3 6 92993
10 41
5 7 60331
5 10 92578
7 10 43915
4 8 68822
1 5 12209
5 9 32830
6 8 88912
2 10 23287
8 9 68940
7 9 86440
5 8 66797
2 4 8836
2 5 40280
2 6 60016
4 7 62776
4 6 12971
4 5 80860
3 10 90648
2 3 14228
5 6 53361
9 10 517
6 7 43278
2 9 39943
1 9 0
3 7 83344
7 8 27180
3 8 21432
3 6 54716
6 9 83896
6 10 95504
3 5 52446
1 6 28097
1 3 22373
2 7 53171
3 4 24389
4 10 3577
1 7 68257
3 9 93099
1 4 40490
1 10 31168
4 9 97437
10 44
4 6 3438
6 7 94126
4 9 72537
1 5 45701
6 10 21186
2 3 63612
5 6 73312
7 10 41988
3 7 54869
8 10 56118
4 8 94758
2 7 9843
6 8 38032
1 9 52169
5 9 50154
7 9 80014
1 4 56372
3 5 89532
3 8 8704
3 10 25563
1 7 8312
4 7 35
2 5 54465
4 5 99143
2 10 88253
2 4 0
3 6 66007
5 8 15978
1 3 55705
5 7 47028
7 8 92788
2 6 85899
4 10 81290
2 9 16745
1 8 1519
3 9 14539
2 8 72292
6 9 46833
1 10 67236
9 10 99559
1 6 65316
8 9 24009
1 2 4836
5 10 21553
10 44
3 7 1371
2 6 39194
3 9 49462
4 7 91014
3 5 60622
5 10 73700
3 10 60696
4 9 75387
6 10 84734
9 10 87593
2 5 82769
1 8 77925
6 8 5483
7 8 11236
2 9 90509
7 10 7535
2 7 53333
3 4 25242
3 8 71953
4 10 18946
2 8 25516
3 6 91035
1 3 51108
7 9 54434
4 5 57206
1 7 31376
1 10 33955
1 9 13404
6 7 30355
5 7 68578
2 10 4459
5 8 82820
1 2 20404
2 4 7272
5 6 40686
8 10 0
5 9 35833
6 9 92721
1 5 21021
1 6 86822
1 4 46624
4 6 75992
2 3 63568
4 8 39286
10 14
8 10 25424
6 9 3511
7 8 96627
4 9 96287
8 9 97941
4 6 12160
5 9 65604
2 6 5877
5 10 74978
1 2 97535
2 9 0
1 9 97782
3 7 34035
3 5 44235
10 39
2 4 4372
5 10 3340
2 7 34430
3 10 91762
7 10 77698
3 4 16118
1 5 76186
5 8 34121
1 4 7003
1 10 37795
2 6 5293
8 10 89941
3 7 12072
1 2 91596
4 10 5750
3 8 17131
2 8 71003
2 3 3863
1 7 17155
6 7 72898
5 6 49784
1 6 86700
4 9 31300
7 8 79167
1 3 69893
5 9 45040
4 5 48300
6 9 30369
8 9 65372
4 8 79476
3 5 66530
4 7 80901
6 8 82532
1 9 22851
1 8 1904
2 9 0
2 10 70231
9 10 24343
5 7 72772
10 45
2 4 2643
7 8 45353
5 6 22935
1 9 1855
4 9 74922
1 2 62928
2 6 95176
4 6 17818
2 7 88292
3 10 17581
1 10 0
5 8 60894
2 5 87724
6 10 96943
3 6 18461
4 10 10976
4 7 49235
7 10 20339
3 5 11226
9 10 54161
6 8 5913
6 7 18873
2 3 72125
7 9 63794
5 7 62701
6 9 54259
1 3 11852
4 8 34859
4 5 52594
2 10 75048
3 7 87243
8 10 26272
3 4 71740
1 7 45873
1 8 26737
2 9 68987
1 6 98045
8 9 98407
3 8 67696
5 9 35538
1 5 39970
1 4 39399
3 9 128
5 10 63634
2 8 43354
