100
3 3
1 2 1
1 3 6
2 3 4
6 5
1 2 6
3 4 0
5 6 7
3 5 1
4 6 2
3 2
1 2 0
2 3 10
4 3
1 2 0
1 3 1
1 4 2
2 1
1 2 0
2 1
1 2 1
10 38
1 2 0
2 7 5
2 9 7
1 4 2
1 8 6
1 6 4
1 10 8
2 3 1
2 5 3
1 9 37843
9 10 59966
6 7 26014
5 9 35816
3 9 27287
1 7 67160
3 4 55635
7 8 75915
7 9 30938
3 7 3095
8 10 75955
3 6 17394
3 5 29859
4 10 29095
3 8 38489
2 4 51732
4 6 64850
4 7 94571
2 6 68017
5 7 12571
5 8 12635
6 9 82374
1 5 90488
7 10 29745
3 10 10422
4 8 91456
6 8 4412
2 8 79887
8 9 40700
10 25
6 10 19558
7 10 58600
2 8 71807
7 9 1693
3 9 75047
1 5 48462
2 10 513
3 7 39833
5 7 80745
4 7 90607
5 10 66021
1 2 48638
4 10 84464
2 5 38578
3 5 85048
5 6 75107
2 7 85698
3 8 31340
1 7 99960
5 8 54793
4 6 97258
6 8 84069
2 9 15035
6 9 60874
3 4 53907
10 11
1 4 16276
1 6 50475
4 5 74897
1 5 54240
7 10 25903
7 9 56
6 8 50675
3 5 55350
2 10 68621
1 2 67183
1 8 29937
10 27
2 4 30947
1 8 58582
1 6 97849
6 10 42151
6 7 33251
4 7 12617
4 9 92281
1 9 64258
4 10 47086
2 5 96546
3 10 93751
1 4 10508
4 5 53641
5 10 54532
3 6 60501
8 10 52106
4 8 76026
1 3 57809
9 10 90137
6 9 1597
5 7 69574
4 6 42950
5 9 16799
6 8 86005
3 9 19476
2 7 90391
7 8 50551
10 10
5 8 80677
2 3 96793
2 5 97953
7 10 58018
1 3 31238
2 10 73890
1 6 97718
4 6 80139
4 5 16472
3 9 41247
10 34
2 10 30290
8 9 67197
5 7 56133
2 4 55718
3 10 9824
5 8 58538
4 8 87789
5 10 76309
7 8 54527
3 4 64700
8 10 52729
1 10 73733
4 6 54881
1 2 19033
1 8 7501
7 10 33611
6 8 83580
4 7 55354
6 10 77739
3 5 83853
1 7 98308
1 4 29933
3 9 86138
1 9 6379
1 5 15687
4 10 48418
2 8 86609
2 3 55841
5 6 81206
9 10 90838
2 9 16074
2 5 81757
5 9 89336
4 9 48425
10 10
1 4 73488
2 5 13275
2 9 8956
3 7 91783
5 8 23593
2 3 98220
3 8 21153
3 5 87241
7 10 87737
4 6 14022
10 43
6 8 61952
1 5 9045
3 5 26307
4 7 3143
5 8 62719
5 6 48050
1 10 95438
3 9 26241
6 10 24512
1 8 51243
4 8 40788
7 9 86434
3 10 27749
2 3 59148
4 10 65317
6 7 85024
3 8 21321
5 9 11285
2 4 27948
3 4 88608
1 3 24352
2 9 8467
3 6 75995
2 8 37771
8 10 86905
7 8 99436
1 6 67504
1 7 18751
4 9 55442
2 10 77573
2 7 53132
8 9 5384
4 5 57480
3 7 55587
2 6 55698
5 10 94742
6 9 86157
2 5 96962
5 7 29718
7 10 81894
1 2 89426
1 9 62391
1 4 38036
10 35
3 8 25027
1 6 92560
3 9 44457
1 5 50877
7 8 95417
2 9 78339
8 9 16689
7 10 83685
2 4 60215
1 7 14334
2 10 86940
3 5 78380
3 4 92059
3 6 35839
7 9 51438
4 7 25316
2 7 91655
4 9 82782
6 10 46606
2 5 66017
8 10 54312
1 3 48141
5 6 79251
5 10 78394
2 3 57382
5 8 13749
3 10 67423
2 8 79851
5 7 69096
2 6 167
3 7 22776
4 10 53039
1 9 16621
1 10 55686
5 9 24292
10 22
2 8 32916
1 7 16410
3 8 45107
3 4 29040
9 10 17634
1 4 78225
7 10 40702
3 10 13041
7 9 4936
3 9 95192
4 8 16339
4 6 91214
4 5 71016
4 10 3550
2 5 8730
1 6 43448
1 5 51728
3 6 56578
1 9 51185
4 9 51044
2 10 22414
2 6 13057
10 44
6 10 32055
5 9 3716
8 10 84646
3 5 68953
3 9 869
2 7 98135
2 4 11910
7 10 75663
9 10 58671
2 8 64574
5 6 94699
7 8 62843
1 6 13937
1 8 66259
1 9 62216
4 9 44709
7 9 2553
8 9 85950
4 6 23373
5 7 72851
5 10 21954
3 10 57410
2 3 27504
3 8 68687
4 10 81376
6 9 69765
4 5 58627
2 5 38269
2 6 63404
5 8 65154
1 7 11556
2 10 71395
1 10 78223
4 8 66318
4 7 89657
1 4 51429
1 3 14282
6 7 92986
6 8 87502
3 6 92136
3 4 183
1 5 28278
3 7 2751
1 2 34574
10 36
3 8 98571
2 3 93810
3 7 95336
1 7 99199
3 5 84683
5 8 50740
4 6 94806
1 4 39690
1 3 61119
7 10 76678
2 10 71620
6 10 58281
2 9 23983
2 5 32142
2 4 12990
3 10 3246
3 6 86662
1 2 41482
1 9 84809
1 5 43542
5 6 11707
4 10 42096
4 5 39514
3 9 95475
3 4 31617
4 7 53200
2 7 86216
2 8 49314
2 6 9304
9 10 7959
4 8 83923
6 7 50532
4 9 18491
7 9 12758
1 6 31166
6 9 15568
10 32
1 8 84603
6 7 53148
5 9 58924
6 10 86768
2 7 33733
2 10 32445
3 10 24860
1 4 80675
4 8 6571
3 6 5215
4 10 22413
3 7 90453
1 6 66141
2 8 36863
2 5 27900
1 7 75859
6 9 98517
1 2 84503
1 10 19277
7 9 98573
9 10 76863
4 6 63576
3 4 13047
3 8 56524
4 7 45748
1 5 17032
2 9 48029
7 10 64966
2 3 25942
8 10 3940
4 9 93235
5 10 83403
10 40
2 8 37336
5 6 53085
3 6 6458
7 10 38567
1 7 90383
1 8 48801
3 7 28393
4 5 55181
2 3 98538
5 8 88075
3 9 14337
8 9 25592
6 7 2887
1 10 90844
1 6 49273
4 6 39260
1 4 87664
1 3 77707
2 5 25238
2 6 90410
6 9 98580
2 7 89595
7 8 29991
9 10 60833
4 8 4212
3 10 20042
2 9 96825
8 10 91387
1 2 4138
4 10 25787
6 8 73361
3 8 67693
5 10 81318
7 9 51495
5 7 49218
3 5 72764
1 5 98992
3 4 707
2 4 39915
6 10 37866
10 29
1 5 1852
2 10 85014
2 4 24086
2 6 21240
1 2 85098
6 7 5181
8 9 78198
3 10 95879
7 10 27396
3 6 8032
1 8 38170
7 8 75113
2 5 61239
1 3 35905
4 8 64914
5 7 4954
2 3 25062
4 7 79528
1 10 14871
8 10 15727
1 6 15547
9 10 6485
5 10 80630
3 9 9726
6 9 82765
6 8 87544
4 9 94484
3 7 73539
3 4 72713
10 24
2 4 89875
2 5 26830
1 2 58219
9 10 90346
4 6 95289
6 7 41645
7 10 93448
6 10 67000
4 10 41499
3 6 84653
5 10 49293
7 9 82603
2 10 18637
4 9 86693
4 5 33573
3 10 40234
4 8 10603
1 3 27088
1 7 82850
2 8 59292
8 9 37081
2 3 29561
5 9 21748
1 4 65750
10 36
8 10 25739
6 8 70808
5 6 40546
5 8 87957
3 6 4808
6 10 14280
5 9 89299
1 10 99821
4 9 6218
1 2 12482
3 4 2414
4 8 35212
1 7 28981
7 10 16787
1 3 15511
2 8 89418
4 5 33469
4 7 70681
2 3 95061
1 9 68442
7 8 34021
1 6 81509
8 9 38107
5 10 65282
1 8 7852
2 10 48101
5 7 3023
2 7 5909
1 5 77540
2 4 41584
3 7 88472
1 4 22468
3 10 40214
9 10 52812
6 9 59644
7 9 44910
10 44
3 5 51895
1 3 90827
1 10 90758
1 6 99053
6 9 80848
4 7 61720
2 4 45448
4 10 57159
7 10 74024
5 8 10929
5 9 96725
2 3 71387
5 10 48528
3 8 3377
1 5 59252
2 7 26232
4 9 14348
1 2 78362
6 8 95618
1 8 54200
2 5 23653
8 9 47230
1 9 70770
8 10 86587
7 8 71065
9 10 32076
2 10 74420
3 6 15047
1 7 44297
4 6 12141
2 6 86701
3 4 89137
5 6 55226
3 7 45837
2 9 68022
5 7 64779
3 10 17344
4 8 15157
6 10 58441
6 7 41181
4 5 28765
1 4 29372
3 9 22543
2 8 50937
10 39
1 4 24146
7 10 60906
5 6 64029
2 5 86201
4 10 63164
5 8 65599
8 9 71360
7 9 82619
8 10 62131
1 5 86548
1 2 52449
4 7 80055
4 5 58036
3 10 57909
4 9 45687
3 4 1958
2 7 19079
3 6 24110
1 6 99845
1 8 54639
3 8 57804
2 9 3414
1 10 91212
1 7 51395
2 3 55136
7 8 58780
1 9 3583
3 9 75501
6 10 72448
4 8 12960
1 3 61759
5 9 7465
6 7 20641
2 10 56871
5 10 30066
6 8 65026
2 4 8057
3 7 67821
4 6 87317
10 11
2 9 9263
5 10 70071
3 4 71507
1 3 3365
6 7 8496
3 8 55685
5 9 89767
3 10 1197
2 7 54484
3 9 19148
6 9 17945
10 11
4 9 76688
3 8 76370
2 4 6971
1 8 29318
1 9 19001
4 8 6334
2 6 55485
2 10 54456
4 7 368
2 5 31441
5 10 18199
10 22
3 4 801
3 5 63094
9 10 25843
6 10 47501
4 10 52012
2 7 68101
7 10 24817
4 7 80664
1 2 98636
1 10 89068
7 8 48446
2 4 1345
2 3 99470
2 9 10638
1 7 48016
2 10 31974
4 6 74321
4 5 22716
1 4 7137
1 8 2541
6 9 57389
8 9 57325
10 27
4 9 2571
6 9 59079
1 4 25623
4 5 16415
5 9 79332
2 9 23885
8 10 93426
2 6 60263
2 3 77576
5 7 6198
5 8 95476
1 10 22620
7 10 28807
2 10 10918
4 8 29546
1 7 78072
4 10 57198
1 9 62154
6 7 96719
3 7 40895
7 8 31838
3 4 40631
1 8 18740
3 6 12495
6 10 83921
7 9 81166
3 8 37643
10 25
5 10 37552
5 7 95038
6 10 59978
6 8 26279
1 3 89778
3 6 65585
3 10 73229
2 7 66873
6 7 31789
2 9 9175
1 5 52526
6 9 23603
1 2 94685
4 8 55222
2 5 60917
4 10 19708
3 5 76452
4 9 6652
2 8 38396
1 7 48692
2 4 86096
1 4 25812
1 10 59439
3 4 87505
5 6 89206
10 25
4 6 29139
2 10 17798
4 5 66253
2 4 53580
1 7 11586
6 8 63826
4 9 35897
2 3 69969
4 10 76690
1 5 16932
5 6 15852
3 8 29504
1 8 50210
1 4 33918
8 9 69295
2 5 94820
3 10 88201
3 6 70108
3 5 11855
7 10 10861
3 4 71545
1 3 68035
1 10 56345
9 10 98317
2 7 18347
10 36
6 8 55082
3 9 27449
3 8 57626
2 10 25548
1 3 89369
5 6 86129
3 7 25993
6 7 64378
1 4 1771
9 10 23183
1 2 89136
1 9 78755
2 8 31622
5 10 57681
3 4 38685
8 10 55281
1 6 9305
7 10 51052
4 5 45979
3 6 96124
5 9 79517
8 9 59
3 10 15550
5 8 10679
1 5 63525
1 10 28750
2 5 5706
7 9 95735
1 7 70219
2 6 26680
7 8 98491
5 7 97682
2 3 91158
1 8 32908
4 10 29188
2 4 94508
10 35
7 10 67505
5 9 82072
1 5 9922
3 10 94469
2 7 33090
4 10 82814
3 7 71549
2 4 61629
4 7 65738
6 10 24485
7 8 85253
1 2 87245
1 8 4217
6 8 55216
3 4 66157
7 9 29349
1 7 29293
4 6 93263
3 8 86448
6 7 78841
2 3 99465
9 10 50708
6 9 88029
5 10 57923
8 10 42107
4 9 34342
8 9 76135
1 3 12385
1 6 36652
3 5 65504
3 6 75928
2 10 26377
5 6 72013
2 6 94778
1 4 1975
10 14
1 4 21595
4 8 60121
4 10 61455
1 2 91245
4 9 49805
5 10 61264
1 3 55545
6 8 20659
3 8 62294
9 10 61726
7 8 95162
3 5 89586
3 4 93298
3 6 11212
10 13
4 6 41974
6 8 99958
2 4 52379
3 8 58496
1 4 8872
2 5 11093
8 10 1728
3 6 67057
1 8 19677
2 7 7340
4 9 36164
5 8 34877
1 5 78524
10 20
7 9 40256
2 5 60444
4 10 74412
5 8 69495
4 7 59307
1 9 44394
3 8 76404
1 10 49973
1 7 57759
5 10 41586
1 4 11902
4 6 28047
6 7 63991
5 7 37771
2 8 83924
7 10 58307
1 2 16225
1 3 69600
4 8 34234
2 4 60232
10 31
3 7 99690
6 10 7195
7 8 66732
5 6 29070
2 3 26854
5 8 14379
4 9 51835
3 8 22889
1 2 28988
6 7 93668
1 10 67030
7 9 14378
7 10 6921
3 6 19949
8 9 30441
6 8 11675
3 9 39406
4 10 66724
3 10 41664
3 5 55657
1 9 91684
4 6 50718
1 8 98739
2 10 76091
1 4 24248
2 6 25224
3 4 38883
4 8 89615
5 10 47258
2 8 82946
4 5 86047
10 18
6 7 96455
4 9 71318
7 8 64000
2 10 2089
4 5 35991
4 8 77791
6 8 26042
5 10 30316
3 8 13876
1 2 56331
8 9 52315
3 6 61669
5 9 50968
1 4 43544
8 10 48742
7 9 49942
6 9 70983
9 10 41072
10 18
6 8 69734
4 7 71984
3 4 33418
2 4 35736
3 6 18810
3 9 89755
2 10 28757
3 5 61728
6 9 54484
5 7 442
2 3 80283
2 8 6303
6 10 94947
5 8 54633
2 9 70603
8 9 33158
1 9 96103
1 10 84544
10 40
1 8 66088
5 10 97823
4 5 6441
2 10 71541
1 4 51889
3 8 64240
4 8 83168
1 5 57348
3 9 56213
5 6 95762
7 9 76411
4 10 89639
6 9 54981
2 8 52429
8 9 57797
5 7 67649
3 10 15017
3 5 78240
6 7 74438
2 4 29306
2 7 72777
1 10 66454
1 7 46650
1 9 49460
2 6 65035
4 9 45126
9 10 85979
3 4 96738
7 10 63466
3 7 648
4 6 63600
2 9 87256
5 9 20566
4 7 99169
6 8 69422
5 8 83123
8 10 98799
3 6 494
1 3 43955
1 6 19263
10 14
5 10 43345
7 10 18503
4 10 96729
1 5 58404
3 8 53546
7 8 77078
4 9 42924
3 9 79620
2 6 2091
6 7 96207
2 5 70023
3 10 10913
2 10 44771
5 9 41660
10 30
5 6 13331
5 7 59868
3 9 70172
5 9 1004
2 10 9106
7 10 32894
4 10 5661
3 6 90862
2 5 25579
2 8 69309
6 8 78282
6 10 58164
8 9 40403
8 10 71939
7 8 68373
1 2 91740
1 8 62809
1 7 4123
2 7 51398
1 6 38679
4 7 30995
1 4 75391
4 8 57222
4 6 82933
2 4 56819
1 3 74585
5 10 54291
6 7 45225
2 9 22515
1 10 18421
10 33
1 4 87870
1 3 92965
5 8 96963
2 10 32487
1 5 40906
1 8 79349
4 7 73133
6 7 98263
5 10 51061
4 8 99036
3 7 61582
6 8 94129
4 5 66188
4 10 9572
3 6 39191
3 10 26283
2 7 86122
7 9 97133
2 8 21268
2 5 37696
8 10 43283
5 7 66372
1 6 48582
3 9 45032
5 9 43682
2 4 11763
3 4 92823
4 6 66989
3 5 55826
1 10 66791
5 6 60796
7 8 8920
2 3 55589
10 43
5 9 36004
2 9 12933
2 8 98600
1 9 95782
5 8 53595
4 6 85849
3 7 46082
1 10 23000
5 7 18100
1 3 67140
2 5 15443
8 10 30071
3 10 68758
3 8 16047
6 7 99744
2 3 92575
8 9 76933
4 8 26298
2 4 38564
7 8 72181
1 8 83180
6 10 36610
1 2 59799
5 6 7291
4 7 6123
1 5 63414
3 9 6643
2 7 75527
5 10 44320
6 8 51642
4 9 97919
4 10 67086
9 10 61728
6 9 67239
3 5 5456
1 6 85529
7 10 70132
3 6 16380
4 5 24212
1 4 68879
2 10 31507
2 6 54630
3 4 5783
10 15
2 4 96037
6 7 65493
6 8 21505
3 7 88760
1 4 78902
7 8 91175
2 8 11132
5 10 77016
3 6 97426
4 9 14025
4 10 1464
4 5 49370
3 9 24919
6 9 54092
2 5 10746
10 26
3 8 93425
7 8 35203
4 10 57411
1 10 7583
4 8 81640
2 6 36602
4 5 79320
2 9 235
1 5 48207
1 2 69830
5 8 3832
7 10 67248
2 3 31545
3 6 63912
4 9 37488
2 7 8142
2 10 24831
2 5 85372
1 9 76323
5 7 82575
3 5 83905
3 10 16848
5 10 69017
2 8 98974
1 3 44295
1 6 91074
10 28
2 3 97021
2 7 86221
1 4 88336
3 5 96769
6 7 723
5 7 45398
3 8 95711
2 8 47231
1 3 15043
1 6 66977
4 7 60750
1 8 59528
3 9 32138
5 6 38801
5 8 95827
2 6 20086
9 10 24517
7 9 28522
3 10 60191
5 10 74476
4 9 1899
8 10 77615
7 10 54281
4 10 17370
6 8 46758
3 6 27381
5 9 3017
4 5 2949
10 45
1 4 28126
5 8 85266
4 9 52341
2 3 65895
2 9 29429
2 5 25212
1 3 73175
2 7 53892
8 9 18874
1 9 9454
3 7 68257
5 7 36915
3 9 21544
1 5 9912
5 6 40121
4 5 80908
3 10 16824
2 8 21827
4 7 83660
2 4 78579
2 10 93757
9 10 96860
5 9 92413
7 10 224
6 9 36412
6 8 5860
1 6 54518
6 10 9640
1 10 23246
1 8 34310
4 8 89894
4 6 21049
1 7 36284
6 7 98023
4 10 35872
3 8 65353
8 10 30826
2 6 69225
3 4 15337
1 2 62946
7 8 27946
7 9 75973
5 10 96569
3 6 10132
3 5 11561
10 35
1 2 79612
1 9 93200
1 5 63953
9 10 55129
2 3 72298
3 9 90314
8 10 24482
1 4 37473
8 9 35749
3 8 16394
4 5 62143
5 6 88497
1 8 39306
1 7 92212
6 7 55466
6 10 51883
2 6 29777
5 9 46050
2 5 60337
2 8 89830
1 6 14359
3 5 66854
6 8 28456
1 3 89584
7 10 31252
5 7 65690
4 6 15327
3 7 62790
5 8 53204
7 9 38187
4 10 29548
6 9 57366
2 4 98212
4 7 45613
5 10 54032
10 44
2 3 74731
3 8 51623
2 7 28407
3 10 58040
4 5 70850
3 4 82504
6 9 96592
1 4 13127
2 4 10319
3 9 7187
5 10 25119
1 8 27947
1 6 73425
1 3 38678
7 9 81681
5 9 99438
4 7 19591
4 10 78521
2 8 17713
2 10 35467
5 7 24935
6 10 18709
6 8 94014
1 9 80968
9 10 82282
7 10 28699
8 9 57370
2 6 92571
1 2 95782
4 6 19371
4 8 44229
5 8 55977
2 5 4161
1 10 34222
8 10 66004
3 6 21811
1 5 70584
2 9 34608
3 5 80123
6 7 6529
7 8 3677
1 7 53156
5 6 58093
3 7 86228
10 24
2 3 94056
2 6 45798
5 8 7186
6 10 45628
1 10 20582
2 5 69305
4 7 6074
5 10 34854
4 9 55008
2 4 15317
1 3 44566
1 4 52943
2 7 0
2 8 35038
8 10 37319
7 8 86437
1 8 74407
7 9 2003
3 5 49485
3 10 58993
1 6 36175
9 10 16484
5 9 55708
5 7 34991
10 42
3 10 33544
3 5 17353
7 9 66555
4 10 98357
5 8 64082
1 9 75054
3 9 19373
3 7 85791
4 7 15756
1 3 39652
2 6 26599
3 4 72474
1 8 62985
4 5 64233
4 9 48958
6 9 49800
2 10 20229
2 9 89026
5 6 10096
1 5 32953
8 10 49662
6 10 70802
2 7 99787
3 8 15182
2 4 92841
1 4 25207
3 6 36748
1 10 10373
1 6 93863
4 8 57248
1 7 10353
6 7 31730
9 10 41715
5 7 75143
5 9 56421
8 9 3837
4 6 0
1 2 21459
6 8 88117
2 5 43572
5 10 27984
7 10 98192
10 11
6 8 53003
1 4 0
2 9 51422
1 7 44117
3 9 27192
2 3 41378
1 5 60508
4 5 45492
5 7 39419
3 7 36505
5 10 36859
10 42
7 8 5861
6 9 53832
4 9 36062
1 3 65752
2 5 35506
1 8 46066
5 6 31588
1 2 61963
1 6 45399
2 10 73360
6 10 30794
3 4 72807
5 7 78102
7 10 65538
4 5 32667
8 10 51876
3 6 17855
1 10 39705
1 7 19575
2 4 2773
2 3 93707
5 9 34431
8 9 38002
1 9 24522
5 8 16841
6 8 93646
3 7 61625
1 5 94670
4 8 47840
5 10 11140
3 10 38913
9 10 76112
3 5 59534
4 7 0
2 9 1875
2 7 20860
2 6 30412
4 6 63278
4 10 60412
3 9 33412
2 8 80149
7 9 88693
10 17
3 9 92407
1 2 82899
2 3 67334
1 10 37476
4 7 25986
1 5 57758
1 8 64456
2 5 60426
5 6 74061
2 7 20303
2 6 0
4 6 77890
3 5 7921
6 10 91989
5 10 12011
2 8 41643
3 10 41272
10 29
1 5 73827
1 10 86559
1 6 45161
2 8 53225
1 4 0
3 10 45851
6 8 52555
7 10 30547
5 6 3785
8 10 64001
1 3 8730
4 8 43459
2 10 18901
7 9 71870
3 8 68858
8 9 64147
2 6 83229
1 7 15513
7 8 86570
4 7 79291
2 4 48741
5 10 4064
3 6 29429
3 9 5976
4 10 56051
4 6 3786
5 7 71005
6 7 92601
5 8 23647
10 43
1 7 83417
2 5 12379
7 10 2185
6 8 28825
2 4 80742
1 9 46678
2 10 37746
5 10 95229
6 7 11121
4 6 53667
3 8 44833
1 10 94131
3 4 32226
8 9 85634
1 6 54113
5 8 2517
7 9 16219
2 3 82573
5 7 66134
1 4 38663
4 9 65580
2 7 40550
2 6 73061
3 6 89786
9 10 39299
1 5 55899
1 3 54293
2 8 86619
1 2 70605
4 7 55162
3 10 41631
4 10 91277
3 9 26524
6 10 54525
6 9 64862
3 5 44499
5 6 30000
5 9 0
8 10 74487
2 9 61806
4 5 94217
3 7 60534
1 8 58811
10 10
9 10 86606
4 10 701
5 7 31184
7 10 40352
2 7 45354
8 9 1875
1 3 50890
6 8 13594
2 8 0
4 7 93813
10 39
4 5 26823
7 8 64594
1 10 81329
3 5 68943
4 8 87496
3 10 23047
2 9 18797
3 4 19874
2 6 38550
3 7 75991
2 3 52378
7 9 32812
6 7 15168
4 6 75405
7 10 80144
4 7 29960
2 8 89125
1 4 77859
3 6 57339
2 10 28233
5 8 42096
8 10 15853
9 10 56886
4 9 62468
2 4 1868
6 10 38561
1 5 78695
1 9 84717
1 2 81468
5 6 32480
4 10 65811
2 5 34876
1 7 50364
5 10 93579
5 9 4884
1 6 0
6 8 51042
8 9 21920
1 8 17308
10 42
7 8 9691
3 8 54838
6 7 75141
7 9 67130
4 8 11992
3 4 10549
6 10 21111
2 7 47113
2 3 1808
6 9 20804
2 5 95545
5 8 23562
5 10 24518
4 9 36252
7 10 66449
1 6 26890
3 10 89304
1 4 48303
4 10 85104
3 9 18945
8 10 96562
4 6 22800
1 3 65528
2 8 21054
1 9 6437
1 5 89760
3 5 72277
1 10 94462
4 5 57307
2 9 54467
1 8 65544
5 6 11482
3 6 14752
1 2 54318
2 6 31083
9 10 61018
6 8 56226
5 9 34262
3 7 0
2 10 96904
4 7 45838
8 9 32717
10 30
4 9 99910
3 7 95865
3 6 56505
2 9 70942
2 4 79358
9 10 10694
1 10 37053
1 7 20924
1 3 31879
1 4 29401
2 6 39130
3 4 0
6 10 25352
4 8 28554
4 6 7966
7 9 66209
7 10 60462
1 6 63215
1 2 94302
5 10 87382
5 6 23444
1 9 83946
5 7 77648
3 10 70180
3 8 30935
5 8 1717
2 7 67994
6 7 45327
6 8 86463
1 5 93064
10 37
4 10 48823
6 10 65574
4 8 67511
3 5 99390
3 10 72442
2 6 32458
5 9 24630
8 9 96363
2 3 89595
6 9 79623
3 9 81716
1 10 46295
9 10 6516
1 3 26053
2 10 42950
1 7 21667
4 5 93267
5 7 93350
4 6 60179
5 8 70559
7 9 53756
8 10 20973
3 6 71350
7 8 64604
6 7 2451
5 10 98692
1 5 88100
1 2 2716
3 7 27414
1 4 46180
6 8 71474
2 7 10685
2 9 59978
2 4 94933
1 8 81534
7 10 0
4 7 72915
10 21
3 5 94761
5 10 93887
1 9 48777
5 6 4770
1 6 349
4 10 67463
5 8 90482
3 7 67083
8 9 39179
1 4 20564
3 9 40582
4 5 48629
4 7 36341
1 7 90203
2 7 62831
2 5 99070
7 8 98670
9 10 32136
6 9 0
2 8 76815
3 6 57725
10 12
1 8 61127
4 7 94107
2 10 51620
5 9 88794
2 3 48586
1 6 37822
2 8 28462
7 10 63238
8 10 89824
4 8 27340
3 6 91350
2 6 0
10 33
1 3 68132
3 7 97638
6 9 49023
2 6 28978
4 8 72700
8 10 52376
1 2 52042
3 6 44373
1 9 91779
2 3 2960
8 9 52591
2 5 41196
3 10 86464
1 7 28009
5 7 88771
5 10 0
4 7 96044
2 7 41116
2 4 15332
2 9 99936
5 6 16426
7 9 80
5 9 54585
6 8 83812
3 9 7758
4 6 34240
7 8 80773
1 5 9809
2 8 72299
4 5 28254
9 10 12932
3 8 96358
2 10 40706
10 30
1 9 43621
2 4 72916
5 8 85817
6 8 51259
4 10 65316
1 8 14293
2 10 6064
4 7 99192
1 10 86753
4 6 32254
8 9 68737
2 5 0
3 6 81413
5 10 49746
2 3 14485
7 10 52739
2 9 46161
1 4 74664
1 7 5944
2 8 32454
3 7 59157
5 6 55477
5 9 14267
6 9 86011
6 7 19786
2 6 74075
7 8 5061
5 7 97356
1 3 89605
1 2 30344
10 39
3 10 59708
7 10 58030
2 7 77505
5 10 65459
3 8 87380
5 9 63682
4 6 59001
1 3 31165
1 9 39393
3 5 90196
6 8 94541
2 3 78091
1 8 60346
1 7 40795
7 8 33575
4 8 70621
1 5 60040
7 9 71065
1 4 9791
3 4 92989
2 9 23921
4 10 99796
2 5 94265
3 7 64026
5 8 90610
6 9 3467
2 10 18476
1 2 3590
4 7 77169
1 6 98333
9 10 20068
6 10 0
5 6 33499
2 6 83072
2 4 48130
5 7 71601
3 6 83823
1 10 62421
8 9 56930
10 32
4 6 83875
4 8 59313
2 9 23858
1 6 29540
1 2 27041
4 5 73982
2 6 81301
2 5 64004
3 10 98395
1 10 9947
1 5 5757
1 4 61
6 8 39273
1 3 66446
5 8 90534
2 7 68144
3 4 20744
9 10 82380
7 8 26060
4 9 81737
5 9 0
2 4 5587
4 7 20154
2 3 738
1 9 52964
7 9 70373
6 10 68935
3 7 57125
3 8 83731
4 10 70309
1 8 13613
1 7 41873
10 31
5 9 1701
3 4 5692
9 10 61718
3 9 25051
5 8 58903
1 10 27593
7 8 11473
3 6 50080
2 3 33973
5 7 56238
1 2 78412
3 7 0
2 5 3532
7 9 10028
8 10 2980
6 9 26228
1 5 23761
3 8 30839
2 6 82641
7 10 77312
4 8 28018
2 4 52612
2 9 37090
3 5 91401
5 6 99817
2 10 78088
1 9 66039
1 3 25399
2 8 1636
6 7 57230
8 9 34187
10 44
1 2 66433
1 5 24850
4 10 38007
4 6 49437
7 9 86538
1 6 6498
4 7 96457
3 7 9621
2 9 85585
1 8 66510
6 7 68921
5 8 95001
7 8 39282
4 9 91898
5 7 51543
6 8 41026
3 5 56138
1 4 60813
2 7 6656
2 6 70170
5 9 47722
2 4 25066
2 5 57234
1 7 37796
9 10 29627
4 8 11279
3 4 84342
2 3 70398
5 6 73477
1 10 46462
7 10 29525
3 9 86752
5 10 67295
2 8 63512
6 10 29602
1 9 41642
2 10 36609
8 9 50685
8 10 45070
6 9 0
1 3 53743
4 5 50994
3 6 78617
3 8 24642
10 24
7 10 19048
5 8 45435
2 7 26641
7 8 41445
5 9 53858
1 6 71979
3 6 31527
3 10 1918
1 5 23207
2 10 68896
3 9 72343
6 8 24412
2 8 18160
4 7 9739
6 10 17696
6 9 51364
3 7 18471
3 8 99614
5 7 37685
4 5 53780
7 9 0
2 5 90072
5 6 2661
4 6 24993
10 19
4 5 76348
2 10 90203
1 4 69049
6 10 45008
1 6 58346
3 8 16365
1 7 22483
2 6 70958
1 3 85051
1 2 98558
2 7 61779
6 9 95313
1 9 33861
3 9 0
2 9 64019
5 6 21402
7 9 29400
5 7 97009
3 5 93155
10 14
2 9 50813
7 8 11634
3 6 0
3 7 29998
5 7 78312
1 4 18509
4 9 27340
1 10 43219
2 6 32794
5 9 20204
1 8 82904
2 4 71377
4 6 5629
4 7 16356
10 25
2 9 51299
2 4 24433
3 8 74645
4 6 38346
8 10 98713
2 3 10755
7 10 73495
3 4 76325
5 6 13343
5 8 50377
1 2 46687
1 8 10555
4 7 84690
9 10 12529
1 4 40806
2 7 80147
3 10 47965
1 10 34962
5 7 0
3 9 26153
1 3 77200
5 9 59479
7 8 41943
6 7 6792
6 9 8757
10 32
8 10 9703
1 6 78636
1 8 48388
3 8 0
9 10 66202
7 8 46363
7 9 95284
4 9 71938
4 5 69404
2 9 30009
2 7 8493
4 6 70719
2 5 10431
3 7 29674
2 4 48333
3 5 86610
5 6 39109
6 7 92601
2 6 43766
2 10 23446
2 3 80657
3 10 13759
1 4 64544
6 9 6028
1 3 74428
7 10 11714
3 9 803
4 8 93900
1 5 55683
1 10 7412
4 7 20909
1 9 99397
10 16
3 5 83873
1 4 78178
8 10 10297
5 9 97735
2 10 50857
2 8 34848
4 7 0
1 3 72037
7 9 18930
3 10 58515
7 8 50674
3 6 24976
5 10 61356
2 3 72537
5 6 22100
2 7 89767
10 23
5 6 81466
2 4 78494
4 10 18804
4 9 78617
2 9 46613
4 8 22029
3 5 8158
7 10 95246
3 6 4286
2 6 78436
2 3 21264
1 9 48301
3 4 42875
1 10 60507
1 8 2059
7 8 1184
1 5 0
2 5 52090
6 10 95003
5 7 51368
6 8 24571
6 9 50731
1 6 35914
10 26
6 7 78554
4 7 58624
7 8 76687
2 9 12203
4 6 39987
3 6 97098
2 3 10062
4 9 42084
3 4 0
3 9 38209
4 10 91147
6 9 81194
3 10 13172
2 7 33154
2 8 80407
1 10 30227
6 8 57870
5 8 69490
1 4 8308
1 5 75255
8 10 70248
1 6 27222
5 6 33065
5 9 29364
1 8 12051
3 7 20633
10 33
8 9 77219
3 8 17802
3 5 90730
1 2 52041
5 7 94189
1 6 86699
2 3 16509
7 9 59884
6 7 63631
5 10 39145
1 3 42606
3 6 19084
2 5 27352
3 4 7237
5 9 6378
9 10 0
2 9 6436
5 6 84505
3 10 50719
1 5 93714
8 10 93955
2 7 13965
2 6 3491
1 10 24725
7 8 35037
1 9 8721
2 10 89285
6 10 14845
6 8 26782
3 9 29903
1 7 51885
4 5 33525
2 8 31790
10 25
2 8 51240
3 7 85535
5 7 55064
3 5 82641
5 10 73340
2 7 0
4 10 79870
3 6 8966
1 6 55693
6 7 68933
7 10 44203
7 8 99732
5 9 52086
6 10 70309
3 10 2339
3 8 37123
1 7 24499
5 8 65984
9 10 30406
2 9 22791
7 9 91503
1 9 98346
2 10 44918
4 7 66563
2 4 74899
10 20
2 10 19125
6 8 6843
2 9 26032
3 10 57757
1 5 94332
3 8 74377
3 5 16209
5 7 51568
1 2 37891
3 6 31962
5 10 47332
4 8 48509
1 6 64272
4 7 38555
7 8 74945
5 6 64491
4 5 28984
7 10 0
6 7 35855
6 10 47626
10 37
8 9 77024
1 5 68357
6 10 40862
5 6 2936
2 9 2157
1 2 10071
2 7 77300
3 5 21881
1 4 73530
3 10 26787
2 8 20879
2 10 12232
2 3 87220
7 9 6768
4 6 84018
6 8 21797
1 9 15259
7 8 12546
5 7 37146
4 7 92933
4 10 74632
8 10 86889
6 7 50636
9 10 18908
1 3 75033
1 6 0
3 8 57531
2 6 6447
5 10 69436
4 9 85940
7 10 66978
6 9 4850
4 8 41058
1 7 41403
3 9 31550
1 10 19387
4 5 19893
10 34
3 8 96025
7 10 40877
1 7 8806
1 10 16408
3 5 59793
1 6 14755
2 4 7823
1 9 467
5 8 64261
9 10 74524
7 8 8791
1 3 56600
6 9 52234
2 7 37949
3 9 3811
2 6 60031
3 4 87002
3 7 95727
4 10 49737
5 10 18915
4 8 82819
1 4 76725
5 7 53937
6 10 18616
1 5 63256
4 9 11663
2 9 7146
2 3 64127
5 6 15861
6 8 38254
6 7 41402
4 6 1379
1 8 40696
2 5 0
10 40
8 9 6847
3 4 74878
1 5 32536
2 7 50254
4 6 1328
2 8 19263
6 9 96018
2 4 99636
1 7 74876
7 8 75874
7 9 75528
7 10 92927
2 6 6016
1 9 93067
4 7 52682
3 7 24736
5 8 56493
6 7 0
2 10 38248
1 3 31079
2 3 45357
4 5 98512
4 9 87712
3 6 50667
1 2 48538
5 10 98911
5 6 38476
1 6 24610
3 8 32917
5 9 52098
9 10 84658
4 8 62657
1 10 66101
2 5 82044
6 8 68112
4 10 91404
3 10 54344
1 8 38160
5 7 4005
3 9 35069
10 17
6 9 46398
6 7 78955
1 2 96222
2 7 32330
4 7 64933
1 10 7420
4 5 26911
5 8 88320
1 7 49224
5 7 47484
3 7 8143
5 9 68882
2 6 0
1 4 62113
5 10 56186
3 9 60485
4 8 65937
10 37
1 10 5096
2 6 11294
2 9 59062
4 8 79642
1 6 10934
3 5 38418
6 7 28479
1 4 0
3 4 52871
1 3 83987
1 8 55881
3 8 22455
5 8 109
3 9 78451
1 9 90784
6 10 38685
7 10 57575
4 10 1612
3 10 32069
4 6 15882
5 9 27138
1 5 99972
4 9 7180
9 10 87285
5 10 15525
1 7 44852
5 6 92099
2 10 68645
5 7 61404
2 4 47426
8 9 40993
2 3 57297
2 7 24984
7 9 5965
1 2 62053
3 6 39337
8 10 29134
10 16
1 6 77391
2 6 22956
2 5 84819
3 4 28290
6 7 0
7 10 61341
3 7 39002
2 4 60649
1 7 96575
6 9 23152
3 8 46869
9 10 76614
4 6 79285
4 8 41958
8 10 18572
8 9 97574
10 12
5 8 70317
4 6 0
5 7 89976
4 5 45500
7 8 92767
3 6 73106
1 9 60881
7 10 70022
4 7 81423
2 8 23780
1 4 29249
3 9 46064
10 12
2 7 86205
4 5 49263
5 6 96221
6 10 11867
7 9 19156
1 2 0
3 4 5457
2 10 65508
1 3 20508
9 10 80189
4 8 71588
6 9 71502
10 26
1 5 0
2 3 80523
5 6 3378
4 5 31526
4 6 32088
2 7 30012
1 10 7008
4 7 610
1 9 73407
1 8 38342
2 6 8090
2 9 80256
8 10 91756
6 10 36609
1 3 11754
3 7 89903
3 5 50437
7 9 23036
6 8 29689
6 9 81608
1 6 13565
4 8 32565
5 9 66586
2 5 43427
5 7 72119
5 10 40064
10 44
2 5 34970
1 9 3640
1 10 35245
1 2 87680
7 9 64413
1 5 44646
8 10 66723
3 5 210
3 4 86080
5 10 24319
3 8 57264
5 7 5727
3 9 95566
2 4 10756
4 7 15715
5 6 63291
5 9 77923
9 10 64555
2 10 38275
6 10 4801
5 8 73561
2 6 77416
3 7 80079
2 3 69810
1 4 83748
4 8 0
4 10 29587
3 6 57143
1 6 98411
1 8 2140
6 8 65253
2 8 56520
6 7 95086
6 9 18258
2 7 8382
7 10 73058
4 9 98691
7 8 49096
1 3 46038
3 10 29359
4 6 92938
1 7 32114
4 5 65039
2 9 50111
10 38
4 6 55195
3 6 74896
8 9 68332
5 7 70056
3 10 86852
9 10 4929
3 8 78465
2 7 97507
1 2 1402
1 5 62859
5 6 54418
1 4 65863
3 4 54645
1 3 10572
2 5 90771
2 3 8099
6 10 54451
1 7 78366
7 10 97496
4 8 8806
4 5 65005
1 10 9599
4 10 86751
6 7 71623
3 5 76560
5 10 35282
5 8 22210
8 10 79126
6 9 23700
5 9 23982
7 9 64584
3 7 19233
2 10 90547
2 4 73896
7 8 97093
1 6 0
1 9 31911
3 9 91205
10 27
8 9 84175
4 9 25578
1 8 82380
4 10 0
1 3 13771
7 8 60697
4 8 67725
8 10 68406
5 9 87122
2 8 79420
3 4 16359
2 7 28064
1 9 82830
6 7 13950
2 10 73191
4 6 31973
1 4 63948
1 2 28288
2 3 98841
7 9 86332
2 4 65426
1 10 19252
1 6 7755
1 7 60946
1 5 42660
9 10 24077
3 9 72260
10 37
3 9 3007
2 5 72113
2 8 76517
6 10 42838
5 7 53718
5 10 94716
8 10 79955
1 7 49758
7 9 85780
2 6 0
6 8 23483
8 9 65093
1 4 53273
3 6 93102
1 6 89001
2 4 78068
6 7 83625
1 5 12312
3 5 59951
2 9 48521
4 8 57527
1 10 97080
4 6 47490
1 3 40415
9 10 46850
1 8 47482
4 9 9817
3 7 65812
7 10 24756
4 5 50716
5 8 34857
1 9 39902
5 9 11588
4 7 51806
3 4 40503
2 3 79226
5 6 23134
10 38
1 10 57570
3 6 7635
3 4 33088
6 7 89185
5 9 27885
3 7 90294
2 3 2159
1 9 12368
1 4 11872
1 8 42213
7 10 72103
1 3 0
4 9 54091
1 7 78265
8 10 55214
3 8 82232
5 6 61949
2 10 40918
4 10 27501
6 9 68557
7 9 91443
2 5 65631
2 4 86697
4 6 60453
5 7 87447
2 8 69891
1 2 12639
4 8 72090
7 8 81382
5 8 94124
8 9 75905
4 5 35327
6 8 5816
9 10 47020
4 7 43942
3 9 79747
1 6 4092
6 10 8201
10 36
4 8 90228
5 9 75960
4 7 88180
2 3 14002
5 10 12076
8 9 16350
1 2 18647
5 6 63388
2 4 86303
9 10 65087
6 10 60138
6 9 59504
1 9 87852
1 7 25293
1 8 31524
1 10 45426
1 3 53568
3 7 0
3 9 26024
1 4 72072
6 7 70154
3 10 96154
4 6 23869
2 10 81569
1 5 69617
7 10 38821
3 6 88796
3 8 3039
4 5 79603
1 6 87296
5 7 78885
7 8 52546
3 5 23294
2 7 99797
2 6 57383
2 9 33172
10 11
3 7 22671
1 7 0
4 10 8966
3 8 49377
7 8 67422
6 9 77689
1 4 5859
2 8 10100
5 10 70026
2 3 85972
5 7 18041
10 41
6 9 31097
7 9 39717
7 8 78015
4 5 12643
3 4 19891
2 10 60639
1 6 68610
2 3 8181
2 8 44360
6 8 21921
4 9 25186
3 6 81734
3 7 72898
9 10 22636
1 9 81586
5 9 72300
5 10 47220
2 6 17672
1 8 0
6 7 66295
3 9 20082
3 8 24677
3 10 39176
1 10 53678
5 7 96536
1 5 6780
3 5 3422
6 10 88302
8 9 11085
5 8 14104
1 7 13417
4 8 33864
2 9 61873
2 7 69456
5 6 91539
1 3 2076
2 5 51211
1 2 28673
4 6 17251
4 10 49706
8 10 58332
10 10
4 6 87076
2 9 91918
1 10 98949
1 9 0
2 6 60781
2 5 31528
1 8 53323
2 7 86784
5 9 56672
3 10 69777
10 45
5 7 8310
8 9 9281
1 6 39656
5 10 62865
1 5 85007
2 4 3308
7 8 83789
1 9 63590
4 7 25317
1 4 87612
1 10 31009
4 9 36598
7 9 63045
8 10 89879
1 8 4749
1 2 95737
3 8 37055
4 6 87577
3 5 69897
2 7 94077
5 6 21740
4 8 85333
2 3 45908
6 9 60693
6 10 17080
4 10 86037
6 7 78000
2 10 60479
3 9 95157
2 8 95756
3 4 9998
3 7 21714
2 5 18866
6 8 7585
4 5 75362
5 9 2263
5 8 0
3 10 56468
1 3 22194
7 10 52232
3 6 62985
2 9 57396
2 6 76266
1 7 51648
9 10 82118
