100
3 1 4
1100
1010
0000
1000
2 4 4
1111
1111
1111
0111
1011
1101
10 10 10
0011110001
1111111010
0111111010
0110111000
0111111010
0111011010
1111111010
0111111010
0111111000
0110111000
0011000100
1110010001
0101110010
1110000111
0110110000
1010010111
1000010101
1100111111
0000010001
1110010110
1 1 10
1111111111
1111111111
10 10 10
0100101000
0000101010
1100101000
0100101010
1000110000
1000101000
1000101000
1000111000
1010101000
1100101000
0100101010
1000111000
0000101010
1010101000
0100101000
0110101000
1000110000
1000101000
0000101000
1100101000
10 10 5
01110
10100
11111
00110
00110
00101
00000
00000
11101
00010
11110
00101
00000
10100
11111
01110
00110
00010
11101
01010
10 10 10
1110011000
1111000010
1110011001
1110011000
1110011010
1111101010
1111101000
1111100000
0110100001
1111100010
1111000010
1111100010
0110011000
0110100001
1110011010
1110011001
1110011000
1111100000
1111101000
1111101010
10 10 9
100000010
110011111
010101101
100010000
100100110
100101111
100010001
111111111
100010101
110011011
100101111
100010001
110011111
100010101
100100110
100000010
100010000
110011011
010101101
111111111
10 10 7
1001111
1010110
1101111
0000010
0010110
1000111
0000110
1001011
1000110
0000110
1001011
0001111
1000110
1001111
0000010
0010110
1101111
0000110
1010110
1000111
10 10 8
01110000
00101000
01100000
00100000
01100100
01110010
00101000
00101001
00100100
01101000
00101001
00100000
01100000
01101000
01110000
11110000
00100100
01100100
01110010
00101000
10 10 5
01011
11010
11111
00001
11011
11011
11011
01001
01011
01111
11010
01111
11111
00011
10010
01001
01010
11011
01011
00001
10 10 7
0001000
0001100
0011111
0011110
0001101
1100001
1101001
1101011
0011100
0011101
0011100
1101011
0001100
0011101
0011111
1100001
0001000
0001101
0011110
1101001
10 10 6
011011
111011
100011
010100
110000
101111
101000
110111
101000
010101
101111
111011
010100
010101
011011
001011
110111
110000
101000
100011
10 10 9
010000011
101011011
111010101
000000101
110110111
101011101
101000011
111010101
111100100
100101001
111010101
010000011
110110111
101011011
110000011
111100100
100101001
101011101
101000011
000000101
2 10 9
011010111
110001100
011100011
111010111
111100000
100110111
001000000
000001000
011001011
110101101
011000011
011000001
10 10 10
0000010101
0010110001
0001100000
0000010111
0000010100
1110010101
1101010110
1010101001
1111110001
1001100110
1001100110
1101010110
0010110001
1010101001
0000010100
0000010111
0001100000
1110010101
1111110001
0000010101
10 1 1
1
1
1
0
0
0
1
1
0
0
1
10 10 7
0110010
1010001
0001111
0000101
0011001
1101111
1110010
1100100
0100000
1001101
1100100
0001111
0100000
0110010
1010001
1101111
1110010
0000101
0011001
1001101
10 7 3
101
111
100
110
100
011
010
100
101
101
010
101
011
110
111
100
001
10 9 8
00011100
11011001
10101010
10101111
00110011
11010111
00011010
10001111
01100110
11100100
00111000
01000100
10110111
10000000
01100010
11011111
01111011
10000100
00101001
10 10 10
1111000110
1110001010
0101001000
1100101110
1100000001
0100000111
0111001100
0110011110
0110101110
0101101101
1110001010
0100000111
1100101110
0110011110
0101001000
0101101101
0111001100
0110101110
1111000110
1100000001
2 4 6
011001
010001
101011
111111
011001
010001
10 10 10
1010101111
0000110110
0111100110
0111100010
1010101111
1010101111
0111100110
0111100010
0111100110
0000110110
0000110110
1011101111
1010101111
0111100010
1000101111
1110101111
1010111111
0010101111
1010001111
0111100110
10 10 4
1010
1010
1010
1010
1010
1010
1010
1010
1010
1010
0000
0010
1100
0110
1110
1011
1111
1010
0011
1000
10 10 4
1000
0001
0100
1010
0111
0110
0101
0000
0000
0001
1001
0111
0001
0000
0110
0101
1100
1010
0100
1000
10 10 8
00011101
01111111
01100100
11111100
01101001
00100001
00111011
10111011
10100010
01011000
00011101
10111011
01100100
01111111
10100010
00111011
01011000
11111100
00100001
01101001
10 10 6
011010
001010
011110
011000
000010
011010
011100
111100
011110
001110
011010
011100
111100
111010
010010
001110
000010
011110
011000
001010
10 10 10
1110101010
1100100110
0110100010
1110100010
1110100010
0110101010
1110100110
0110100010
0110100010
0111100010
0110101010
0111100010
1110100110
1110100010
1010101010
0110100010
1100100110
1110101010
1100101010
1111101010
10 10 7
1011010
1010110
1010110
0010011
1011011
1011110
0000011
1010010
1011010
0010010
1011010
0011010
1111010
1010110
1010010
1011011
0010010
0010011
0000011
1011110
1 1 1
1
1
10 10 4
0010
1000
0010
0010
0010
0010
0010
0010
1000
0010
1011
1110
0010
1000
1100
0011
1010
0000
0110
1001
10 10 10
1101001111
0111101011
0101000100
0101110101
0111011110
1111000101
0010110111
1010010011
1100001101
1011100000
1110010111
1100011100
0001001111
1101101110
0101001001
1000001011
0010110111
1100110010
0110101011
1110101010
10 10 6
000101
000100
001100
001100
011100
000110
001101
000101
001110
001101
001100
000001
001101
010101
001110
000100
000110
000101
011100
100101
10 10 7
0001011
0000001
0001010
0011001
1011101
0010101
1110111
1010101
0101011
1000011
1110111
0000001
0011001
1010101
1000011
0001011
0010101
0101011
1011101
0001010
1 10 10
0101001100
0101111111
0011011000
1100011111
0000001111
1111010100
0110011011
1111011001
1111010011
0101001100
1011000101
10 10 10
1001010111
0001010011
0001010011
0000011101
0001010101
0001010111
0101011101
0001011001
0011010111
0001011101
1001010111
0001011101
0011010111
0001010101
1101010111
0001010011
0001010111
0000011101
0101011101
0001011001
10 9 7
0001000
1000001
1111101
1010010
0111011
1110001
0111111
0000001
0000100
0110010
1100110
0010100
1110010
0100100
1011010
0110011
0000011
1010010
0101000
10 8 10
1111110000
1011100110
0001001110
0001011110
0100101111
0111101011
1001111010
1000010011
0010100111
1101111010
0001001011
1110011101
1101001101
1010010000
0110001001
1010110001
1011101110
0011011001
10 10 6
000110
110011
011010
110111
101000
000000
000001
110011
100110
100111
100010
010100
111010
111110
010000
001000
000011
011010
101010
100111
10 10 5
01000
01000
01000
01000
01000
01000
01000
01000
01000
01000
00000
01010
11100
01001
11010
11001
01100
10000
11000
01000
10 10 6
010010
001100
110111
001110
010011
011011
010111
111100
110011
110011
011011
110011
110010
010010
001110
110111
001100
010011
010111
111100
10 10 4
1100
1000
1011
1010
1101
1111
0110
0110
0110
0010
0110
0010
1000
1111
1010
0100
1011
1100
1101
1110
10 1 10
1011010100
0010110010
1000010010
0110100000
1001111110
1011100011
1101010001
0010010000
1001010100
0101100011
0011111111
10 7 3
000
001
010
110
101
000
100
011
111
100
100
101
000
011
010
001
110
1 10 10
1010101000
1101011000
1001111110
0100011111
0000010001
1010101000
1110011100
0111000100
1001001011
0000110111
1110110011
10 2 10
1110101010
0111111110
0111100110
0111011111
1100011100
0100011111
0001100010
1001010011
0011111011
0110011100
1010001011
1001010000
10 10 7
1011001
1010001
0010100
0111101
0101010
0000110
1110101
0100010
0101011
1010100
0101011
1010100
0111101
0100010
1011001
0000110
1010001
0101010
0010100
1110101
10 10 10
0110010100
1110010100
1110010100
1110010100
1110010100
1110010100
1110010100
1110010100
1110010100
1110010100
0010010100
0111010100
0110010000
1110010100
0110011100
0110000100
0100010100
0110010110
0110010100
0110110100
10 10 7
1001101
1111100
1101000
0010100
0101101
0100011
1100010
1010110
0100101
1000000
1000000
0100011
0101101
1100010
0100101
1111100
1010110
1001101
1101000
0010100
1 1 4
0000
0000
10 10 4
1001
0011
1110
0010
1000
0010
1001
1110
0101
0001
1101
0011
1001
0001
0010
1011
1000
0101
0111
1110
10 7 3
101
001
011
111
100
000
111
010
110
110
111
011
001
000
100
101
010
2 10 10
1100101100
0010010101
0001010100
1111000011
0110101111
1010110111
1111110011
1100111101
0100001101
0000110011
0100110000
0001010001
10 10 8
10111110
11101000
10010000
00110100
01101101
00100110
01001111
10100101
10010110
10010111
10010110
10100101
10111110
10010000
11101000
10010111
01101101
00110100
00100110
01001111
10 10 7
0010001
0010001
0010001
0010001
0010001
0010001
0010001
0010001
1100100
1100100
0010000
1010001
0100100
0011001
1100100
0000001
0010011
0010001
0110001
0010101
10 10 10
1010010111
1010010111
1010010111
1010010111
1010010111
1010010111
1010010111
1010010111
1010010111
1010010111
0000100001
1000100011
0011011100
0100000010
1000110010
1100011001
0111001101
0001001110
1000111001
0011011111
10 10 4
0011
0010
0111
0101
0001
1000
0110
1001
1011
1010
1001
0101
1011
0010
1010
0111
1000
0011
0001
0110
1 10 10
0110000110
0011100011
0010000101
1110100100
0000011001
0011000100
1101100000
1110110000
0101011100
0110000110
0111100110
10 10 7
0111010
1100111
1100101
1000111
1100111
0000111
0111011
0100101
0101010
1101010
1111010
1101010
1000111
0111010
0100101
0111011
0101010
1100111
1100101
0000111
1 10 10
1101000011
0110101110
0010000111
1000101000
0011000100
1000010101
0111110110
0011111110
0111101010
1101010111
1101000011
10 1 10
1111101000
0101101001
1110000110
0111111011
1000010000
0000111110
0001011011
0000111001
1000011011
1111110010
0000111100
10 10 10
1010011111
1110011110
1010001111
1010011101
0011011011
1011011111
0011011111
1010011011
1010011110
1010111110
0011011011
1110011110
1010011110
1010001111
1010011111
1010011101
1011011111
1010111110
0011011111
1010011011
10 10 5
00100
01001
01101
01100
01101
00101
00111
00101
01111
01000
01100
10100
00000
01001
00100
00111
01101
01111
00101
01000
10 10 5
00111
11001
10000
11111
10101
00110
00011
11010
00010
10111
11001
00111
00011
11111
10000
00010
10111
10101
11010
00110
10 8 10
1010001001
0111100000
1111000111
1011000101
1101110100
0011011000
0011001101
1110111000
0000101001
0101011000
0000111001
0000100111
1011111111
1111001101
0110100110
1000101000
0011101000
1000001101
10 10 9
101001110
111001101
111101010
101101101
001111011
101010011
100110111
001011111
001100110
101100110
101010011
101100110
001011111
101101101
111001101
100110111
001111011
101001110
001100110
111101010
10 10 8
11111110
01111110
10000100
01011110
11000100
10010100
10000100
10000100
00111110
00000100
10111110
10010100
10000100
11111110
01011110
00000100
11011110
00111110
01111110
11000100
10 10 7
0111001
1011000
0100001
1110101
1101011
0110110
0011011
1001110
1111110
0000011
0011011
1001110
0100001
1111110
1110101
1101011
0000011
0110110
0111001
1011000
6 9 10
0011010000
0001001011
1100001001
1100100010
0010111010
0000100110
1001100001
0010010101
0110110110
0101000000
0100110000
0111010010
1011110011
1111010110
0111011001
10 10 4
1100
1110
1101
0101
0001
1010
1010
0010
0110
0100
0001
0110
1110
1101
0101
0010
1010
0100
1100
1000
10 10 4
0111
0101
0110
0111
0110
0111
0011
0011
1110
1100
0101
0111
1100
0001
1110
1111
0100
0110
1101
0011
10 10 4
0001
0101
0111
1110
0010
1010
0101
0000
0001
0110
1001
1010
0001
0110
0111
0010
0011
1110
0000
0101
10 10 9
110010110
110010110
110010110
110010110
110010110
110010110
110010110
110010110
110010110
110010110
110010010
110010110
010010110
110000110
100010110
110010111
110011110
110010100
111010110
110110110
10 10 10
0001101010
0100000011
1110000101
0011100011
1011101100
1111010011
0000101111
0100000111
0010100001
1101111010
1011101100
1110000101
0001101010
0011100011
1101111010
0010100001
0000101111
0100000011
0100000111
1111010011
10 10 7
1000011
1010011
1000101
1010011
1000111
1000011
1010111
1100101
1000101
1010111
1000101
1000011
1010011
1100011
1100101
0000011
1000001
1000111
1010111
1001011
10 10 7
0100010
0100010
0110000
0100110
0001000
0100000
1100010
0110100
0000000
0000010
0110010
0100110
0110000
1100010
0100000
0000000
0100010
0000010
0110100
0001000
10 10 9
010110111
111110011
111110010
110110010
111100011
010110011
010011111
110110011
111110111
010010111
110110010
010110011
111110011
111110111
111100011
010011111
111110010
110110011
010110111
010010111
10 10 5
11111
00100
11101
11001
10010
11110
11100
00010
01010
01101
11101
01010
11111
01101
11110
11001
00100
10010
00010
11100
10 10 7
1110100
0010100
1111111
0111000
1100101
0011001
0010001
1111100
0010010
1011111
0010010
0010100
1011111
0011001
0111000
1110100
0010001
1100101
1111100
1111111
1 10 10
0101100000
1101110001
1100001010
0010110101
0001111000
1110100010
0001110111
0000110100
1010100000
0110011010
1001011110
10 10 10
0110010000
1010011110
1010011110
0110010000
0100110000
0110110000
1000110011
0110011000
0100010000
0100010000
0110110000
0100110000
0110010000
1000110011
0010010000
1110010000
0111010000
0110011000
1010011110
0100010000
10 10 8
01101111
00000101
00000010
10110100
11001011
01010000
00110010
11111000
01100110
10111110
11001011
10111110
10110100
01100110
01101111
00000010
01010000
11111000
00110010
00000101
10 10 9
110001100
110001101
110001001
110001111
110001101
110000100
110000101
110001100
110011001
110001111
110011001
110001111
100001100
010001100
110001100
111001100
110001101
110000100
110001001
110000101
10 10 8
00010001
11000101
01010100
00111101
10101111
10001111
11011111
11100100
10110101
11011100
11011111
10110101
00111101
11100100
11011100
00010001
10001111
10101111
01010100
11000101
10 10 10
1100000100
1011000001
0100101010
1011111000
0111001001
1101100000
1101110110
0010001110
0111100101
0100111110
1101110110
0010001110
0100111110
1011000001
1100000100
0111100101
0111001001
1011111000
1101100000
0100101010
1 10 10
0100101110
0011101000
1000111001
1100100001
0100101110
0111111011
0110111101
0011110010
1101110011
1001010000
1110000011
10 10 8
00010111
11100101
01110101
00011111
01100101
00011111
00011111
10011111
01100101
00011111
01100101
00000111
00110111
10010111
01110101
01010111
00011111
11100101
00010111
10011111
10 7 3
010
111
111
000
100
010
100
010
001
101
111
001
110
000
101
100
010
10 10 6
001001
011100
111100
001001
111100
011001
011101
011001
011001
111100
011001
011101
000001
001101
001001
011100
101001
001011
001000
111100
10 10 10
1000100010
0110100111
1101110101
0010001011
1100100010
0100100001
0110010101
0101000000
0001011010
0000101001
0100100101
1001111010
1010101010
0011101110
1000101101
1010011100
1010111100
1110001010
0000000001
0100110101
10 10 7
1110100
1110000
1010010
0000110
0001011
1110001
1010011
1100111
0111100
0100011
0000110
1010011
1110000
0001011
1110100
1010010
0111100
1100111
1110001
0100011
10 10 7
1100010
1111111
0011000
0111101
1001110
0001011
0001011
1111000
1100111
1111001
1000100
0001011
0100010
0001110
1110000
1110111
0111011
0111101
1011110
1010101
10 10 4
1011
0010
0010
0010
1011
0010
1011
1011
0010
0010
1111
1011
0110
0000
1001
0001
1010
0111
0010
0011
10 10 10
1011000011
0110100010
0000111000
0001010111
1001100110
0111100001
1110001110
0100000010
1110100000
1101101111
0110100010
0001010111
1110100000
1110001110
0000111000
1101101111
0111100001
1011000011
1001100110
0100000010
7 10 10
0111101001
1000011001
1110001100
1110000011
1001011000
0111101101
0000110101
1111110000
0000011010
1101000100
0010111001
1111011110
1111010000
0111001110
1001111110
1111000000
0100010100
10 10 4
0100
1101
0111
1000
0101
0101
0101
0100
1001
0001
0101
0100
1100
1101
0111
0110
0001
1001
0000
1000
10 10 5
01111
01101
10101
00011
11101
01110
01101
01010
01111
01011
00111
01111
01010
00011
10101
11111
01110
11101
01011
01101
2 10 10
1101101111
0110110100
1111111010
1010101010
1100000001
0000100010
1110011100
0101100101
0100110011
0011101100
1101001111
1001101000
10 10 7
1011100
1001010
0010100
0111101
1100011
0111001
0001101
0100010
1010010
0001011
1010010
0111001
1100011
0111101
0010100
0100010
0001101
0001011
1011100
1001010
10 10 10
1111110001
0000010001
1000111001
0010000110
1011100010
1101010111
1110001001
1011110001
0110110000
1101110000
0110110000
1111110001
1101010111
1110001001
1011110001
0000010001
1000111001
1011100010
1101110000
0010000110
