99
2525 1
2400 5
300 2
120 60
60 90
500758531 1
168630422 6176
301265733 1
17809096 6605
1000000000 1
1 1
637308857 1
363110900 5040
573746626 1
235011930 4375
793725867 1
51548968 4643
210060173 1
16444713 5640
57923463 1
20542214 9816
564261630 1
205348922 5529
196522292 1
81512585 8377
226027173 1
125029546 1994
495519920 2
172248100 7371
332624233 160
1000000000 2
100 10000
200 10000
520675461 1
272878944 7685
741283258 2
150824190 5671
85759334 9668
736597573 1
115280774 1567
898990037 1
444814857 3571
319746218 1
181482375 4715
1000000000 2
2 2
1 3
813114395 1
362442661 8952
304181741 1
204104822 3025
1000000000 1
1 10000
603282088 1
254366548 3296
102340477 1
95484237 1501
1000000000 2
999999997 3
999999998 2
905906623 1
385362988 9335
748830539 1
520934756 842
658973521 1
297338206 7500
881631879 1
808171235 4164
952188819 1
52453321 9721
641744716 1
263711440 2293
463312342 1
272070854 2312
128621170 1
40199580 6649
397774420 1
84358032 3065
1000000000 2
999000000 10000
998000000 10000
619037616 1
536184310 8406
401667259 1
373642868 5500
994170576 1
777432811 5425
200000 2
5000 3
5001 1
95446446 1
62995536 4642
361154791 1
39570895 740
241986635 1
194764055 8728
798422739 1
733958678 3451
634334939 1
19096512 9154
997547517 1
748134239 6363
948331916 1
634009983 6338
244246627 1
64517013 4118
231567827 1
31147612 3259
525404473 1
74365410 9656
805907852 1
157842007 8401
524320686 1
58049217 3162
500506536 1
160184555 8759
107509839 1
89787773 310
2 1
1 10000
212898627 1
14481795 7611
684163071 1
630600316 4986
189212465 1
141438690 6666
227350770 1
30554047 1058
893691271 1
397084468 1498
213613219 1
93689402 7136
748862921 1
705925833 6506
1000000000 1
999999999 10000
137063954 1
11002952 6421
676797628 1
77080759 7286
1000000000 1
999999999 1
19409679 1
6805201 7464
70276326 1
48059613 8406
272874663 1
177485625 3709
670126217 1
608481691 4776
291958683 1
196885257 9824
263072744 1
49987892 1885
1000000000 2
999999997 2
999999996 3
609847308 1
207985035 1649
911514130 1
216004497 6696
1000000000 2
998000000 1
999000000 1
431339722 1
235734829 5843
211264243 1
108692749 4867
422411461 1
296596164 6862
499204338 1
59619526 5913
651976552 1
317991152 4387
77825362 1
10409205 4691
312618938 1
247564808 7749
656598000 1
386062273 1463
1000000000 2
12345675 3
12345676 2
909334945 1
400551406 2204
708165870 1
170984839 1736
712011877 1
589145728 8692
786660995 1
751993919 3605
724158093 1
407076578 223
830012823 1
823742120 3838
329998959 1
52154910 4010
316965230 1
309375820 5762
2 1
1 1
1000000000 2
999999999 2
999999998 3
813700061 1
12449936 5017
540638979 1
241827188 9558
215761844 1
204776612 9152
