100
3 1 4
1100
1010
0000
1000
2 4 4
1111
1111
1111
0111
1011
1101
8 10 10
1011001101
1001111011
1110101110
0000011101
0011101100
0010000010
0111110101
1110101111
0101100110
1111011100
0100110010
1111011001
0101101110
1011011101
1101111110
1000001101
0110111100
1010110001
10 10 5
10101
11101
11001
11100
11100
11100
01101
00010
00011
10010
00101
10001
11100
11001
10101
11101
00010
00011
01101
10010
10 10 5
00000
11101
00100
10000
11101
00000
00010
00000
00100
00100
01000
00100
01101
11001
11101
10101
10000
00001
00010
00000
10 3 2
01
10
00
10
10
00
10
10
10
00
10
00
01
10 10 6
111000
100010
111000
011010
111110
000001
101010
110001
111010
010001
010001
110001
100010
111010
011000
011010
111000
000001
111110
101010
10 10 8
01010101
01110011
11010011
01111110
11110011
10100000
11000000
10111011
00111001
01110001
10100000
01010101
11000000
11010011
01110001
00111001
11110011
01111110
10111011
01110011
10 9 7
1000110
0111010
1011010
0001010
1010100
1001010
1110011
0110000
0110000
1111011
1100110
1100010
0000001
1010110
0001110
0000110
0011011
1001100
0011000
10 10 9
000001100
100001010
010001110
110011000
000111011
011011100
010101111
110111011
000110110
101001000
101001000
000001100
000110110
110011000
110111011
010101111
100001010
000111011
011011100
010001110
10 10 10
0110000001
1001101100
1010011011
1010001000
1000100100
1010001110
0101111001
0000110111
0101010101
0001000101
0110100100
1001110101
1111010110
0011101100
1101010000
0110010110
1000111101
0111001100
0100100010
0010000010
10 10 5
01001
11110
01001
10001
01110
10001
11100
10001
00001
10001
01001
11110
11100
01000
11001
00001
01101
01110
10001
01011
10 10 8
00100100
11001110
10111001
11010011
00001111
00100101
11001111
10110111
11001100
01010101
11001110
00100100
11001111
11010011
10110111
01010101
10111001
00100101
11001100
00001111
10 10 4
1011
1111
0111
1011
1111
1111
1111
1111
1111
1011
0110
1010
1111
1001
1110
1011
0011
0101
0111
1101
10 10 4
1010
1010
1010
1010
1010
1010
1010
1010
1010
1010
1110
1010
1000
1011
1111
0110
0000
0011
1100
0010
5 2 8
11010101
00001011
01010000
11011011
01101101
10110101
01100011
10 10 7
1010000
1110000
1111111
1110001
0010011
1000101
1000110
0110010
1010110
0111010
0010011
1000110
0110010
1110000
1000101
1010000
0111010
1111111
1110001
1010110
10 10 9
101000100
110100100
111101110
110000110
110111001
001010001
110100101
010100000
100111010
111101111
010100000
110100100
110111001
111101110
110000110
101000100
111101111
100111010
110100101
001010001
10 10 10
0111010001
1101011011
0011110010
0011110111
0110010000
0011110110
0111110010
0010110010
0111110110
0110010001
0111010001
0110010001
0110010000
0111110110
0011110110
1101011011
0111110010
0011110111
0010110010
0011110010
10 10 7
1011001
1000100
1100111
0001000
0000000
0111011
0011010
0011000
0111110
0111110
0111110
0011000
1100111
1011001
0111011
0000000
0011001
1000100
0001000
0011010
10 10 9
000100000
011011111
111010111
110101100
000000011
101101000
100110000
101001101
101111111
000001101
111010111
110101100
101111111
000001101
100110000
011011111
101001101
000100000
000000011
101101000
10 10 6
001111
000101
011000
000101
011101
011111
011111
000101
001111
001111
011111
000111
001110
101111
001111
011000
001011
001101
011101
000101
10 10 6
111010
101010
100111
110010
100010
111010
101000
101110
100110
101010
101000
100010
100111
100110
101110
011010
111010
111110
101010
110010
10 10 4
1001
0010
0110
0000
1000
1110
0110
0010
1010
1000
1000
0010
1101
1110
1010
1011
0000
0110
1001
0001
10 10 5
11000
11000
11010
01000
10100
01111
01011
00011
00001
11101
10100
11000
00001
11010
01000
10000
01011
11101
00011
01111
10 10 9
001111001
000111100
000011101
001011001
000011001
001111001
100101000
000111001
000101000
000111000
000101000
000111001
101111001
000111100
000011001
000011101
001111001
001011001
100101000
000111000
1 10 10
0100110100
1101110001
0001001100
0011010011
0011000110
0101011110
1001110010
1101000100
0100110100
1011111101
1111110100
10 10 10
0111000101
0111100101
0111000101
0110000101
0111010110
0111000101
0111000101
0111000101
0111000101
0110000101
0001011000
1100011011
0000010111
0100010011
1001111100
1010011000
0100001010
0001100110
1000011000
1010000011
1 10 10
0100111101
0100111101
0100010100
1100000111
0001110101
0100010010
1101101100
1101001100
1110001110
0100100100
0010100111
10 10 7
1100100
1010111
0111001
1010010
1001101
1001000
1011011
0001010
1010010
1111111
1010010
0111001
0001010
1001000
1100100
1001101
0100100
1011011
1111111
1010111
10 7 3
010
101
011
000
010
111
001
100
111
111
011
100
111
101
000
010
001
10 10 5
11101
01000
00011
00111
11100
10111
10011
10110
10101
01101
10110
11101
00111
10011
11100
10111
01000
10101
00011
01101
10 10 6
001011
100110
101011
100100
001110
101101
100100
101111
001111
100110
100110
001111
001011
001110
100100
101101
101011
000011
101111
011011
9 2 10
0000111110
1010100111
1110110111
1110111001
1100111001
1001000101
0100111100
0001010100
1010111001
0110001000
0110110100
1 10 10
1100011011
1000010010
1000101000
0101100110
0010111010
1011010110
1110110100
1011110100
1110010110
1100011011
0011000100
10 8 4
0000
0100
1001
0001
1101
1111
1011
1010
1110
1100
0100
0001
1011
1010
1000
0101
0111
1101
10 10 5
10111
11100
01000
01101
00110
10110
00101
11010
10000
00100
11100
00101
10110
00110
01000
10111
11010
10000
01101
00100
10 10 4
1110
0010
0011
0001
0011
1001
0010
0010
0010
1010
0001
1001
0011
0000
1111
0010
1100
1110
0110
1010
10 10 4
0001
0110
1101
0001
1011
1111
1110
1101
0010
0000
1010
0011
1111
0101
0001
1001
1110
0010
1101
1011
10 10 7
0011011
0110000
1000010
0010100
0101011
1100111
1001011
1011101
0101010
0111100
1000010
0101010
0110000
0111100
0101011
1100111
0011011
1001011
1011101
0010100
10 10 4
1100
0110
1010
0100
1000
1000
0000
0100
1100
1110
0100
1000
1101
0000
1110
0010
1100
1010
0111
0110
10 2 10
0101010000
0110011000
1111111101
1000001111
1101000111
0011010010
0000000010
0010000100
1000011001
1100000110
0011101001
1001100001
10 10 9
101111101
101111101
101111101
101111101
101111101
101111101
101111101
101111101
101111101
101111101
101111100
101011101
101101101
100111101
111111101
101111111
001111101
101110101
101111101
101111001
10 10 10
0100001101
0001111011
0011001001
1111111111
0000100010
0111001100
0100111011
1111000110
0101111100
1111010110
0011001011
0110010110
1110010100
0011000011
0111010100
0110110001
1001010011
1010101100
0000100101
0101101110
10 10 5
10101
00111
10111
11111
11110
01111
10110
00110
10111
00101
10101
00111
00110
01111
11111
11101
10111
11110
10110
00101
10 10 6
111001
111110
111000
000100
100011
010011
001001
000111
000000
001111
000000
111001
000111
001111
010011
111000
000100
001001
111110
100011
1 1 1
1
1
10 10 8
11101001
11100001
00111010
11000001
11001000
00111100
00101000
00111000
11001001
00101100
00111010
11101001
11001001
00101000
11000001
00111000
00101100
11100001
00111100
11001000
10 10 4
0000
0110
1101
0011
1100
1001
0100
0100
0010
0000
0011
0100
0000
0010
1000
1001
1101
0110
0001
1100
10 10 4
0010
1110
1111
1101
0100
0101
1010
0111
0110
1110
1010
0100
0010
1101
0111
1110
0000
0110
1111
0101
1 1 10
1111111111
1111111111
10 9 5
01001
01010
00010
11111
01010
00001
00101
01011
01100
11101
11010
10100
01001
00000
01000
00101
11001
00010
01110
6 10 10
0001100100
0010000011
0011111101
0000000101
1011011101
0111010100
1011010101
0111000010
0000111100
1010110110
1000000000
1100000101
1100101000
0011001111
0000000101
1111111110
10 10 10
1110101001
1000101001
1011101000
1111101000
1100101101
1110101000
1110101000
1111101000
1100101001
1011101001
1110101001
1010101001
1011101001
1100101101
1000101001
0110101001
1100101001
1110101000
1111101000
1011101000
10 10 4
1000
1010
1010
1010
1010
1010
1010
1010
1010
1010
1110
1011
0001
0000
1100
1010
1000
1001
0010
0100
1 10 10
1101100010
0110011111
0011011111
0100101100
1101100010
0001000101
1110101100
0100100110
1101010010
1100010001
1010111101
10 10 9
001110110
101111101
010111001
110101111
010111010
100010011
101010011
010101100
001110001
111000100
010111001
101111101
001110001
110101111
101010011
111000100
100010011
001110110
010101100
010111010
10 3 2
00
00
11
01
00
01
01
00
10
11
11
01
00
10 10 5
01101
11111
00101
01101
01111
00100
00101
00100
01111
01111
00100
11111
01001
11101
01111
00101
01101
10111
11011
01100
10 10 7
0001101
1001000
0111100
0101111
1111100
1001001
1001100
0011111
0010001
1001000
0011111
0010001
1001001
1001000
1111100
0001101
1001100
0101111
0111100
1001101
10 7 3
001
001
100
001
110
111
100
011
001
101
101
000
110
001
011
111
100
10 10 7
0111100
0011100
1100010
0011010
0011000
1011110
0011110
1011100
0111101
0010000
1011100
1100010
0010000
1011110
0011100
0011000
0111101
0111100
0011010
0011110
10 10 10
1101111101
0110101111
1111110001
1010000010
1011001100
0011010010
1010111011
0001010101
1000000001
1110100101
1011011011
1000000111
1000100100
1011110001
0100010010
1100010001
0011111001
1011000000
0111000001
1010011101
10 10 10
0111001011
0101001011
0101101011
1101110001
1101110101
0101110101
1101110101
0101001001
0111110101
1101001001
0101001011
1101001001
1111001011
1101110001
0101110101
0111110101
0111001011
0101101011
1101110101
0101001001
10 10 7
0011000
1011001
1001110
1111011
0101101
0101110
1010110
1011111
1100011
1110110
0011000
1001110
0101101
1111011
1010110
1011001
0101110
1100011
1011111
1110110
10 10 9
011001100
001111100
011111100
111001100
011100100
011101100
011110100
011100101
011100101
010100101
011101100
011100100
001111100
011110100
011001100
010100101
011111100
001001100
111001100
011100101
10 10 9
001010001
100111101
000011100
010111110
010110011
001011100
100100101
011001010
001101111
111101100
001011100
111101100
000011100
100100101
001101111
010110011
011001010
100111101
001010001
010111110
2 4 6
011001
010001
101011
111111
011001
010001
10 5 10
1001000110
1111000110
1111111101
1100010111
0111111110
1000111011
1111001011
0101001111
0000001110
0001000010
1010000111
1110111110
1001000110
1011100011
0100000101
1 10 10
1011000000
1110100111
0101000111
1011000000
0101010001
0010100100
0110110010
1011101011
1101001111
0001111110
1100100011
10 10 9
101011000
111111101
000101101
110110001
100101110
110011001
010000000
111100110
010101011
110101001
110101001
100101110
110011001
111111101
111100110
010000000
101011000
000101101
010101011
110110001
10 10 9
011001011
110011110
110000111
000000001
000100011
110010001
110100011
010010101
001111100
111001110
110010001
110011110
000000001
110000111
110100011
010010101
111001110
011001011
001111100
000100011
10 10 6
000001
011001
011000
010011
010001
000001
110001
010001
010001
011001
110001
000011
000001
010011
100001
011001
010001
001001
000101
011000
10 10 9
011011010
010011010
011010011
011000010
011011011
010000010
011100010
111001011
111000011
011001010
011010011
111000011
111001011
011001010
011011010
011000010
011100010
010011010
010000010
011011011
10 10 6
001110
000010
010000
100111
111010
111001
111100
101111
010011
101111
001110
010011
111010
010000
101111
000010
101110
111100
100111
111001
10 7 3
111
111
100
000
100
100
011
010
110
001
100
000
010
110
001
011
111
10 10 8
10101010
01111100
10001001
10100100
01100011
11000010
00010110
01110001
01001011
00100001
11000010
01110001
10001001
10100100
00100001
00010110
01001011
10101010
01111100
01100011
10 9 8
10111111
00000000
11100001
11101000
01111110
10010100
11010000
00001011
10100111
10010010
11011001
01101101
11010000
10100001
00011100
01110111
11001001
01100010
01000101
1 1 4
0000
0000
10 10 5
10010
00101
10101
00101
11111
11111
11101
10101
10001
10100
10010
10001
00010
10110
10101
11111
11010
11101
00101
10100
10 10 9
010000000
101101100
010101100
010110001
110000000
011110101
001001010
110000100
111001011
111101011
111001011
010110001
011110101
101101100
111101011
010000000
010101100
110000100
001001010
110000000
10 10 7
1101111
1101010
1111000
1010010
1101100
1111100
1010110
1101110
1111100
1111111
1101010
1010010
1101110
1101111
1101100
1111100
1010110
1111000
0101111
1111111
10 10 5
00110
01010
00011
11110
01111
00110
10110
01100
01011
01110
10110
11110
00011
01111
01011
01100
01010
00010
01110
00110
10 10 10
1100000000
1100000000
1100000000
1100000000
1100000000
1100000000
1100000000
1100000000
1100000000
1100000000
1110010001
0100101110
0100100100
0001010111
0011100111
1101111001
0101111011
1010010110
1110011011
1111111000
10 10 10
1000100001
1000100001
0000100001
1000000001
1000100001
1100100000
1000000000
1000100001
1100100001
1000110001
0000100001
1000110001
1100100000
1000101001
1010100001
1000100001
1000000000
1001100001
1000000001
1100100001
10 10 10
1101111110
1000111111
0100101100
0110010100
0010101100
0010011011
1001011110
0000011100
0110110001
1111011000
0000011100
0110110001
0110010100
1101111110
0010101100
1111011000
0010011011
0100101100
1001011110
1000111111
10 10 6
011111
111000
010011
011111
011111
001110
011011
110000
000100
011100
001111
010011
001110
000100
111000
111111
011011
011100
110000
011111
10 10 5
01100
01001
10110
01101
10100
00111
10011
00111
01011
01010
01001
11100
10110
00111
01010
10011
01100
01011
01101
10100
10 10 7
0100010
1110111
0001100
0001100
0110010
0110111
1000001
0001110
1101111
1010010
0001100
0100010
0001110
1100010
0110111
0110010
1000001
1101111
1110111
1010010
10 10 6
100111
100111
100110
100111
100111
100100
100110
100100
100111
100111
100101
100011
000111
100110
100100
110110
100111
110111
101111
000110
10 10 8
10110011
11011111
11010011
11100001
10100111
10001001
00011000
10000100
10001001
10100110
11100001
10000100
10100110
11011111
11010011
00011000
10110011
10001001
00110011
10100111
10 10 10
0000110001
0010010010
0000111010
1101111010
0100010111
1001110111
1101010101
0101000110
0110000011
0010001011
1100110110
1011010010
0000110110
0010110110
1111011001
0000000110
1111111101
0011000101
0000100111
0000111000
10 10 4
1010
1010
1010
1010
1010
1010
1010
1010
1010
1101
1110
1011
1100
1101
1010
0010
0101
1111
1000
1001
10 10 5
01111
01111
01111
01111
01111
01111
01111
01111
01111
01111
11110
11111
01011
10111
00111
01110
11101
11011
01111
01101
10 10 6
111110
000011
100100
001111
001101
111011
110101
000111
011010
111101
001111
000111
111101
111011
011010
100100
001101
111110
000011
110101
10 2 10
0000100101
1100101001
0111001010
1111101000
0101111000
0010110101
1110111100
0010101011
0101011011
1001000100
1001101011
0100000010
10 10 4
0100
1100
1101
0000
0110
0111
0100
0101
1100
0101
0111
1001
0110
1110
1100
0000
0100
0101
1101
1000
10 10 8
00011010
11111100
11110010
11111110
00011000
11111011
11111010
11111010
11011010
01011000
11111110
11110010
11111011
11111010
11011010
00011000
11111100
00011010
01011000
10011010
10 10 10
1111001111
0001011101
1100010101
1011001000
0000101011
1001110111
1011111000
1110010010
0100011100
1111001001
1011100001
0101001010
0101101010
0100010001
1010001101
1010110000
0011101000
1011000111
1011110011
0100101101
10 10 10
1000101110
0000001010
1110100010
1110000110
1110100110
1000001110
0000001110
1110000111
1110001111
0000101110
1000001110
0000001110
1110001111
1110100010
1000101110
1110000111
1110100110
1110000110
0000001010
0000101110
