100
3
2 2 2 2 2 2 2 3 3
2 2 2 2 2 2 2 2 2
3
2 2 2 2 2 2 2 3 3
2 2 2 2 2 2 2 2 3
3
2 5 5 1 3 2 2 3 4
2 4 2 2 2 3 5 1 5
3
187952 189668 188281 189831 189097 187498 190444 187852 189235
186667 185921 189745 188547 187505 190094 192542 190818 188021
3
2 2 8 4 5 1 1 2 2
4 3 3 5 3 2 4 3 1
3
707174 851259 396820 96832 897906 579155 531763 603781 612472
943200 340047 661840 132658 135330 921396 963603 452443 441539
3
848138 854358 865271 853137 841183 855053 860046 843919 851975
849520 842804 845235 865223 845022 854799 853173 859969 857334
3
365319 366084 356582 373294 366219 363739 363717 365522 355876
365731 366105 359084 355681 366001 369726 363701 365216 365107
3
109757 241313 243001 536273 359936 823420 92082 828947 247032
38650 849693 134372 522525 407635 948049 581845 986278 878135
3
524055 352059 3150 495740 687169 698131 793028 737797 660253
266915 409167 165201 882540 61061 55586 7028 757300 747695
3
72323 695696 633351 917205 364188 449202 423174 676253 524013
386416 336420 908164 864166 545926 399932 978291 910639 300926
3
657117 884489 596571 97520 673683 509490 108973 759449 936889
711172 184088 857529 481251 706798 986180 73199 33423 203776
3
2 3 4 5 3 3 3 4 4
3 4 2 6 3 4 2 5 3
3
152308 776969 23153 571634 329938 198021 132134 79428 574313
190693 311855 669179 431791 174356 851903 99755 211301 919611
3
586393 866640 11066 753511 336157 247657 169988 19308 896640
154102 884335 377808 575669 610548 408256 947939 823077 89094
3
735515 740006 738179 738493 732688 747233 726594 724538 748719
750953 734548 734714 727313 743875 747406 736474 723222 733464
3
58542 442709 572293 407824 837228 129831 208976 169760 372780
43949 751350 143313 302690 376860 36615 471606 774787 145667
3
2 2 2 1 1 3 2 4 2
3 2 3 3 2 1 1 3 1
3
569401 568775 584016 564498 562396 569596 578257 572505 567450
583943 578836 561045 563492 574077 572213 563424 569397 570474
3
318569 415213 677684 694754 106440 964963 574280 173948 639498
647043 908529 207595 432321 193643 718028 391305 204894 15219
3
1 4 1 5 2 5 1 2 2
1 2 3 1 3 3 4 2 4
3
2 1 7 3 5 2 2 4 2
5 2 2 1 4 2 3 3 1
3
1 2 1 1 1 1 1 1 1
2 1 3 2 1 2 1 1 2
3
328054 328523 327787 327399 326558 327488 328509 325954 325043
323985 328315 330118 328305 325366 323542 327819 331293 326577
3
2 3 4 5 3 3 5 4 3
6 5 2 6 2 1 3 5 4
3
9 9 9 9 9 9 9 9 9
9 9 9 9 9 9 9 9 9
3
961103 958028 954641 971682 949759 955860 961722 950488 952011
958903 949383 958509 952321 976232 942231 964063 957228 956424
3
652228 244673 283026 614024 417347 587758 924245 286054 325579
810429 571741 126497 712040 377208 504538 690553 138743 348219
3
54105 403688 639538 261746 550601 273166 465412 658444 699836
865404 517971 301795 767302 635557 971038 426271 491100 889443
3
76471 880492 25878 420496 226783 636381 421557 494593 748617
922409 475382 606366 13115 552994 293576 427388 366931 348341
3
385107 847682 64378 707233 812372 137593 257353 995565 34987
750626 594774 822385 499140 672857 360807 169262 772342 489115
3
343398 342571 349185 345625 344103 347053 346146 341067 345571
338703 347313 345722 343611 342997 342242 348184 348771 347177
3
36531 570323 548133 769027 617790 215766 176521 706258 155209
958438 282324 484767 499333 876335 153421 822739 421545 393516
3
773860 737754 78473 450191 649099 253523 212398 755797 541891
898540 794493 401706 678140 419053 385832 989743 813715 729881
3
229102 701263 380550 439095 899423 939695 641524 562919 730218
640967 453683 5093 853508 469197 324463 680357 109663 522381
3
638706 406064 872119 609385 714094 330003 532340 255151 404232
165954 634725 229304 680677 155298 548412 572918 289089 536847
3
518682 984165 484418 854936 256125 399616 523337 607294 220239
802843 6533 939601 505919 103708 267480 872204 284336 881262
3
320167 316833 318736 322143 325386 316108 317027 324069 321256
318308 314318 323721 320972 322974 316635 321066 324644 319084
3
4 2 6 3 1 5 5 3 6
2 5 3 3 2 5 3 7 5
3
290089 957158 906573 924421 658401 668197 314775 553600 933146
690934 764719 915914 510946 807755 898989 424618 792568 772157
3
51442 626918 64708 917288 275763 364008 368240 687599 714188
615230 208947 42639 566802 222388 665959 626476 916193 702189
3
109676 840625 426452 119011 761610 786362 701311 142913 740087
38377 240770 578625 378038 353587 51763 203298 980435 139350
3
4 6 3 4 3 2 3 4 5
4 6 4 5 1 5 5 3 1
3
2 3 2 1 4 2 2 3 3
1 4 2 3 2 3 1 1 5
3
315329 318409 312869 308275 316840 311375 314770 309977 310930
313017 312009 314403 311545 315091 312181 317134 309905 313489
3
353067 354174 356299 352266 353263 356092 351497 355675 356549
356778 350976 352358 357340 353001 351071 357981 355253 354122
3
462106 734043 15582 414629 91786 603319 710968 102561 29813
164333 75699 594104 959501 222958 470205 374385 753229 317538
3
869388 506752 533189 224581 6288 245148 290415 36780 72072
566017 164871 891560 321497 372269 327699 866385 482082 262613
3
2 2 4 6 4 4 4 3 6
3 3 3 5 2 5 4 4 4
3
415678 512306 807584 821635 137029 986581 406020 624268 672487
403909 975450 328051 194540 790622 26629 972970 143114 503690
3
898862 566350 645680 999549 283772 206922 417533 227126 65510
871484 751618 470540 671608 672359 813060 67896 77667 395562
3
375358 294405 48279 924921 177334 994374 105620 524749 800877
859327 67640 854846 782655 165023 370000 99949 188020 454312
3
746592 752243 742207 742274 735579 760958 744531 739404 738432
740774 740673 735201 747910 748598 749367 744738 739543 755415
3
894015 628482 623295 380270 414055 435415 516873 726331 576357
99141 35553 895096 701863 165320 548105 966222 330669 461815
3
4 1 3 3 3 4 7 1 6
5 3 4 5 3 5 1 5 2
3
893485 895579 893154 891897 904830 906698 898842 903126 896499
891290 903893 906430 899225 898604 896005 893027 893950 901687
3
979916 574763 717328 829757 467615 765007 740477 66317 646554
671314 40079 603750 680352 354601 706790 429249 984901 285879
3
619724 888302 165291 57045 657982 903856 283076 945128 668038
572024 932218 62726 893099 205973 177500 484943 828583 353019
3
528069 708207 704167 432163 7328 152880 96523 773404 713158
125205 949076 145593 511965 697427 966933 64680 85858 429947
3
906361 208311 280317 358882 614334 901289 949863 751826 482126
800281 193276 135108 225217 945069 622005 556453 100016 501394
3
768479 525932 703780 817532 635016 913940 957295 681463 938036
827127 579184 218615 755820 316100 323980 384080 3606 316187
3
329779 386474 353769 22928 379706 350152 510210 434688 204503
215680 856507 217218 926726 898938 190441 532913 126281 410966
3
209701 214326 215200 215442 215557 211818 216476 212860 216465
220634 212822 212869 214689 213786 214862 213484 212567 212132
3
316573 217396 833321 302133 853025 250302 585459 952861 532584
64220 162768 778183 136551 231009 213677 353034 136825 136444
3
727066 723840 732362 732928 726061 720146 736607 728858 737926
737795 728363 731962 729573 723806 728536 724027 735034 726697
3
308094 306020 304493 302393 309288 310107 308766 307758 307014
310618 306525 308211 303450 309529 305650 310373 305429 304146
3
822296 812600 803607 808331 816244 813350 809810 811776 816815
807911 808255 810073 816002 813181 825392 809100 815608 809308
3
2 2 2 2 2 2 3 3 3
2 2 2 2 3 3 3 3 3
3
613533 486362 776316 996271 341256 667871 234989 249761 266186
485504 762766 920952 243706 907697 393856 156874 292178 138591
3
3 3 2 6 2 2 4 2 4
2 2 5 3 3 3 2 1 3
3
233277 356492 535994 380469 844599 953449 830042 949592 365218
121051 51696 906656 510502 345919 446641 186404 576251 576311
3
2 4 1 3 3 4 2 3 2
3 1 3 4 3 4 3 2 2
3
4 5 1 4 2 4 2 4 2
1 1 6 3 2 4 4 6 2
3
8 2 3 4 8 4 3 3 2
6 7 6 1 2 5 4 3 4
3
299820 300400 299075 300790 302015 297559 297801 298849 296531
301219 292681 301462 297393 299379 297520 300925 301611 300650
3
811579 665838 192548 62191 286068 34148 697968 578016 560771
299949 821031 221554 96253 938750 996560 907539 952064 310168
3
505898 499962 500826 506699 493235 497165 503147 495075 498841
503357 493967 499913 495806 501087 501852 504788 500266 499813
3
920124 924520 928313 922443 930423 922007 916007 908471 944637
925734 920890 930761 914620 931717 912385 921430 921080 938328
3
571337 568044 581515 577808 571508 575878 586073 569070 572301
580676 568349 580175 572421 580023 575858 578895 566414 570721
3
2 2 2 2 2 2 3 3 3
2 2 2 2 2 3 3 3 3
3
926561 928597 921464 937479 945393 937780 936944 915745 932669
931991 951036 924881 938438 926621 937206 920563 928207 923692
3
925806 629077 50122 248651 726005 797402 224637 776986 653365
828224 782285 969358 638862 795109 434190 668285 658413 667140
3
748894 742627 738922 729712 747901 742326 732673 738541 751611
737382 730362 749329 742771 733819 742886 742834 745553 748274
3
3 2 2 2 3 4 6 5 5
5 2 3 3 5 5 2 3 3
3
2 4 2 3 3 6 4 4 3
2 2 3 5 5 2 4 1 3
3
527279 520997 530027 532708 525015 518242 527747 527317 520958
521825 522286 528479 531986 523357 522524 526166 527591 526074
3
337750 746757 289724 950819 703202 225292 510261 349587 731857
828939 249889 4881 999887 796358 965460 836375 305086 643730
3
620830 613592 614099 613472 602035 611788 617540 623727 620016
619688 615626 619447 615769 614710 618254 606474 612820 614314
3
847367 924021 571086 337953 199071 345570 156608 54649 890759
167245 140229 828308 869567 800679 362443 257536 777183 589847
3
2 1 2 1 2 2 2 1 3
4 2 2 2 4 1 4 2 2
3
3 4 4 3 5 4 5 3 3
6 3 2 4 4 5 3 6 1
3
2 8 3 2 3 3 6 6 4
3 4 3 4 6 2 4 5 3
3
2 3 6 5 3 5 3 2 2
3 2 4 4 3 1 3 7 5
3
3 2 2 2 1 3 1 3 2
1 2 2 2 1 1 2 1 1
3
222169 839148 84222 453560 534690 834337 412521 578413 421236
592979 972455 275555 989566 237313 568324 397628 159435 961762
3
5 4 4 3 6 3 2 4 2
7 2 3 3 4 3 3 4 4
3
968842 496965 143686 738710 578604 220495 504715 441032 5496
11745 954720 802861 798648 105976 372888 508275 468757 255170
3
570321 795952 816501 482020 233449 772173 459189 110384 327273
617417 776571 946645 119624 429011 172572 950296 683695 825766
3
661322 941503 349839 445694 197208 150670 337644 480469 175717
469238 16564 984930 896518 158243 566416 986404 508781 499432
3
708857 870008 537068 388138 141095 626909 290697 719997 816574
443945 369139 494623 262246 966665 792114 315197 933505 796997
