100
4
1332
4
9583
3
616
10
1029384756
98
44554343343353435543554553433554355354454335343345535535553335454353445444555434343544335454434355
100
9366829618528772967935337649283897471345199876874337568216596255756299578587748781355794332572198943
93
766877768676768688776887678676688678886777687776766886666777666788688668678676878867766887776
100
6475677887547848888666448867787588787678574754675678877786765746686856666868785578674576464757654877
94
3224224424224444344244324344324432334442423333442224343233223232243343443432222234422232224432
95
22332223222332322222322322223322232222232222222333332323223333232222233322322322222332333232322
100
3856673268316383242998198561156673455776676693161543292221519967137213821761672476651957869741541221
90
355445535455454333455334334354455434454453535534453354344435544533345445355435553453543554
100
9999999999999999999999999999999999999999999999999999999999999999999999999999999999999999999999999999
97
4132120030321322034303304422443333312222043002132424140042414014200113424432001333214114334320242
98
78868788788768686776878768866867686776668867687688788686668678888776887666877678766887866886687668
92
44644555464546654564655565664454444456465545644644464454544466545464556446446555545545454665
99
624565633627332276334357542467232735462654754642325766352563774342526447324426637225275427373453444
98
57657557767767756767667775567667577566565755777767775756775777757557676755557676676565565567557766
93
657665557675556666777556765557576675766657775757575677575677567755556655557666567657565665576
98
67666767777767766766767766676766666767777766677777766676766766676667677766777776676767776666766777
98
21110322233121232031230231212003130113210333010330001223220110130002220002230331323113233100031311
99
566565566556656555655665655655565665556665566665666556556556565666566665665665555656556655665556655
93
654439434733388468368435387973979557639536549976939964885873398467849477964365985974488337553
100
4732885312631147575258433533668132634547737615369293249587674118269161691312381867215375876555471375
100
0000000000000000000000000000000000000000000000000000000000000000000000000000000000000000000000000000
91
1000100001111101110110000101100000110001010010110110001011100111101000101011110101011000101
96
753436375665565366744644456335336675366343566665675676777353667734665657755556475435567675475336
99
435653473457543454464635446377477674345754445635733655554566635474537733554465654776676445363767457
90
555445555445444444554545555545455444444554445554544444555454544454455544454545444454544545
94
6353353364656556644566544463545656364545543565566665554655333353335354344364545634333466555545
95
42343434433342343343333222344323332344342323234332424332323242442324232433432324224432443424222
95
23233222223222233333223223323333223322332332333332333222332333222223333222232232222223233222222
15
222229888888811
100
0123456789012345678901234567890123456789012345678901234567890123456789012345678901234567890123456789
99
448475456557548385566463368774634845676357876538665568837434876837787388775374835438536384358437555
90
562463444436245424525633344436254336223354435424436544262635235532323354333446454253553344
90
331110411233434542105411010110222425032104455305405435515251112111231430540114224335501231
98
41223142424121411422142113111412414243123343433344122232131323113331344421231343443131433233443313
2
01
96
665565556655655767765757766676756567677755666766776555666575657775676555575767565667775655765655
7
9000555
93
311103542530331312000243114235440452200115535331455542202005334311101003442420345253214130103
98
66656565665565655565656655556655656555656566555656655656565556566566565655556566666555656555556666
2
00
95
76676667677776777766767776776776677666776776666766767767666766777676776667666777776766767776676
92
32341235235351145243454421423311422144325411153354534542321141235335441112315441211431512425
97
1000011011110000111111111101001101011110011101111110100011011001111011000000000000000011100010101
95
33334443334434333443343333333443443333334443344334344444433444334434334443434444344334334434343
90
785754658386353485735447786363864347885367683354335477548744353678854784434444578685565533
92
69887976786667979876678986968998997987986898787798899777777697889897789678779989766977767796
91
6545666466646446464646544644645545545556464456556644656654465554546454664666566544545555655
92
65675757565656576567577557677755757677676776575575755577655756576755577567765576566577657676
92
45545222333244544333244234522222325245352443435553342235423542322243553334353244223222542453
96
545433445345444553355553553333333445345335435445354533344355333343353453443454444353453335354433
95
33232233223323222332222223222233322222332233323222333232223332332332322333323232332333232332232
3
001
91
1113043425141000524444101454051530444404534331213022032322445543504043401000441551124353320
98
78588867776755766855778877776777667657575866556775558775857757655558587575555777556578568786875886
98
76665557767667665676776575577755756657665566775655567666667577555575576777566565565577567577755557
3
112
98
46646566646565454546565456444546555646565546454454445446645566445464564646566656444564455554546546
95
23321371611523133423257377154474475624644275536376126121114661116432141331737135752777627513637
93
449984448447657855695978655485697768549744864644866545687467596979985558884555759696979466787
100
2033134101004401333200021413303030340012004414300410000100202200421043242230311122002032044213131022
90
303355350010440054054032410040053520024321120124033520235123114233411052344020430331012051
94
8898989998998998889998898989888888888888898888888989888888898989888989988989898989898899988999
5
19091
3
110
97
2448956835295757283674295646728352934538298858565669687973643996398683546762659782894246785234792
100
6667555757644334346634555533667774633375756744474346367554443766657574373653557363544573437757756554
97
8898888999988889989999899888889898988889899999988989889898989899999999999889889889998999888889898
2
10
92
87758957966458563337466567866834957763949356744666367763538953937385778746686746366499685454
100
4767675756577644444545555767556565656646465655545677465774647564544774576547555666756464457544744467
100
8888888898989888898898988888988898898888988899999888999988999898999999898998899899898998889998999989
94
3132321121223321313313213332123212121312113213323323232333311113122312111121213323223233321312
90
886766686776686688877866778676787677668688688777677877787687877888677788677877887678788667
93
987798998997899877899988879988999979779887779988987898787779798997888979799987878977898889788
100
0000000000111111111122222222223333333333444444444444444444443333333333222222222211111111110000000000
95
13121032303113113233012032103002323311011013122120112123201010132133113302230111103300202011302
93
854948959567569875457849758988746974788794945555884659777645984745496498995955484765968658958
92
55555665456565556465546665646554456566565665654664655556456445664656554546665544446444545656
98
86668657877765769689776788996566998886785699685656557765658655798579755899797865588867866759879955
92
43324241213221142122213443342423341312211343143123341142314441322421243123114342342213334312
90
525722227531511582534357556174116158836162361252788152161636647474443871874877514555882853
98
22223432333243323322324444443334342442234324334433342343242242432322242344342232322434243343434444
100
7766666676666767677676767666777667776677777667666677766766667676766766766766777666666767677667766766
90
773008688421707247463573676761543301554532813211852186270024463718715288312365838857483285
100
0987654321098765432109876543210987654321098765432109876543210987654321098765432109876543210987654321
95
23121301112111112201123131300303120130131012002313222312012321131110121022213221030100200232200
99
848252286862855533286348622324545238373626648653835358442733445478474736826285888876882488268453535
90
615587199779405457942771960313104709152738034685703708133894347110632449728565949694726049
100
1111010101110011011001000011101001100100011000101011001001001011010101100110111001111011010000000101
91
5668949658594793353934339483458578768836399963863676937987989885575667535749733485637368463
91
6876886688786668777876766778888678786776778878777688887686666677688676768786887687887686777
3
211
99
633474347646654634745445446664747476666376643344446747454633553673763344637537435363564465444636766
90
711147530587616116676374761604127834656347261744786654356814372640341356752008315812364328
3
011
99
444454444444554545544554455444544545454444544544444545554444454455444445444444454554454554444454544
